-416.23816149410396
-454.1357805282566
-577.6701996936325
-575.4779911854802
-555.5388262361172
-552.4679550797416
-610.6056880921975
-402.1298150759165
-568.0538698000851
-534.3533460502672
-612.6790613816188
-315.41059257468186
-407.9020450092698
-351.4103040818245
-236.53718420888146
-345.9582059346866
-360.1990873168617
-397.5219585799064
-278.26961740291426
-364.7443958897345
-346.0626403190957
-435.2961357451283
-389.734622514082
-374.35055446911997
-304.7179005902684
-389.14986034987385
-262.84426264319046
-326.9465976293911
-223.06436212466937
-298.6521356726816
-179.21532898900486
-302.0294155062408
-328.20845660665896
-379.4032816339813
-314.30908544314065
-274.6823027189051
-213.26257116108445
-266.89034782936375
-281.72467382804007
-274.6190186736079
-339.1036584753233
-242.35266066993785
-377.3977127725083
-273.4361297467507
-247.42707004302272
-333.2602655971473
-247.2918864045863
-298.4896221309099
-254.1325288343181
-163.64108941272377
-313.9835477098518
-193.4919387868757
-165.67772137567883
-332.2912221096655
-275.5865144919987
-282.5282067903085
-474.83848575974577
-350.8331569356932
-233.63457774673088
-290.5370298562749
-433.4968216692277
-410.0373544596153
-481.7750373880038
-348.69669461109635
-499.12054173754984
-549.4806272327262
-284.3917329776798
-288.10130642760424
-422.916569923667
-384.5470038119284
-293.0696212571156
-471.9667909504343
-415.86398839568034
-309.4054935661842
-324.2650047297384
-397.97594375721474
-315.2892494055522
-344.56967784536425
-260.20343086184045
-284.3763480099503
-306.9976034356152
-309.38737427109345
-268.24855556954475
-218.93438425478215
-356.1863175078815
-199.6717578842515
-192.8087477820364
-411.05799912552175
-307.3956867202642
-206.19881098703658
-486.10745640423545
-196.2182586444621
-210.04362943448095
-173.8348813855604
-352.6876351179251
-403.32405800199797
-97.14140322051855
-150.88890032625028
-180.09685862526084
-163.91151539165142
-324.3381937610477
-276.9971541744087
-169.36399610048267
-103.82468837924984
-251.6014900068693
-163.23964830148924
-307.50643880583016
-239.5831611203249
-262.1112018805448
-225.50345577319874
-246.49953125009864
-279.32742227101465
-299.10465889437944
-133.93001218453043
-403.1320036607516
-323.23364385432
-162.9359679394269
-237.06151283851023
-389.91766265589496
-417.46140169683764
-257.18287313881314
-339.4925207425085
-200.8420349785238
-437.21934011722715
-126.97056070406867
-282.54743311295425
-266.2141159518516
-303.7110616411489
-278.4657173384236
-198.2450512932853
-156.4640708236131
-175.6886791882401
-188.20821214671582
-227.67703595620262
-275.7324363818645
-189.3126806974099
-173.11174272564077
-132.4874838695149
-155.64081111056603
-176.07579110425982
-261.9772726630937
-263.02636762971434
-186.725885612598
-387.3586565102633
-175.14556421073462
-105.88035454533392
-375.50146851321614
-399.8836759601731
-371.2737931218917
-449.4685287363185
-251.9201835328574
-220.34290283629812
-249.97350972415072
-227.69265618772602
-313.1563109997728
-366.75928836872583
-399.2757577629389
-294.6332665262514
-128.43762325898626
-176.8300904226158
-295.106838670973
-334.4485103345589
-186.5303281857436
-278.643902031314
-251.24171756944455
-230.90239552184988
-340.0048422716619
-266.95005632459504
-304.7735828654207
-340.8868398849628
-311.4889894855563
-399.38520476067197
-154.25102488823512
-244.31214792929023
-252.0831411716073
-421.86928319171494
-154.8809657480507
-300.6545609050365
-377.28355465507815
-122.70169880599872
-359.45141803754615
-287.75455681535004
-293.0430105981098
-228.32264335508634
-476.98788685459226
-361.5459756185139
-286.3147894653961
-353.62079689404374
-342.7056653023338
-363.696390445029
-337.88983029717815
-371.03819134785516
-371.7857792791707
-249.93979052435643
-278.63675927280764
-414.69906638580153
-465.86042021982723
-389.7693957106541
-400.77022879429103
-432.4936721501855
-373.22502949556986
-445.91554203568006
-362.9609436561469
-454.9714024321461
-505.10336822318544
-515.9027499771228
-533.114007495833
-502.2694526642904
-521.4249149516481
-505.15059035654747
-504.0351414487601
-486.4585837327427
-491.1838647401166
-502.6037402113119
-495.9397812983832
-502.77857391375204
-526.1282880146512
-476.91772593069027
-512.8438026674925
-558.5838577472189
-304.3060010848404
-556.286726180971
-529.6223011862514
-524.3890534753098
-606.5613006751233
-556.9201311665795
-582.0629550696395
-561.2070441584488
-568.5977960878641
-592.0810566754618
-571.965924179146
-475.80562815338953
-447.77807366026695
-564.7322954555482
-568.9877452255596
-491.05091204262465
-479.6288970897012
-602.3987086446992
-584.2997184133022
-593.2616590234933
-613.910443105808
-601.1906149105887
-544.5786645150897
-612.904524365302
-600.0879137932579
-601.587053443564
-584.9887136451921
-569.712179523419
-610.8954832703845
-581.9045335935083
-579.310154862352
-617.7546368722121
-594.748404922677
-631.4384674393702
-617.9325466483739
-607.4900824132098
-617.5722764054514
-609.7915828037369
-595.4288501909616
-575.9123678712696
-564.4882934512525
-573.6739493299908
-589.1640674821136
-561.3605769045013
-612.0732899111783
-593.7630388438066
-573.1639103514301
-545.67887804122
-538.321803157396
-563.8752316919691
-539.5777832191367
-537.7477501412209
-497.70198078019945
-440.9025204035822
-445.1192429634829
-388.90089837068996
-420.128219346361
-308.92761563856266
-313.0068809266574
-345.2594158583863
-310.48657107619795
-443.95702720406445
-376.1984944908529
-300.29779399413303
-403.63120447040444
-421.235179559051
-443.52095434710907
-435.6970253233709
-481.72308621034495
-404.8160549654365
-430.69385202999854
-434.16143418302704
-551.6209023173043
-437.8901793281074
-442.7590323239011
-520.1680424697602
-446.32036251003484
-380.64104103403974
-426.53493732787973
-484.9595374878687
-425.19965901481163
-362.5308180303108
-380.46053276314416
-301.3972696762536
-462.3761351356965
-450.4664958600798
-352.0258804364571
-285.17656467964906
-255.45054737584536
-302.8703913313656
-388.61617015339857
-230.42653061279557
-251.70346266538067
-201.47229966436151
-202.10496342435314
-372.1381477839807
-194.64285916926934
-227.28588576066744
-364.0553264418276
-378.0091673554501
-391.2809078417903
-358.1336337259764
-286.55904206946485
-458.9781488182419
-341.1354208032049
-208.17250196196514
-354.2497387227906
-271.2697566772367
-432.79250862502636
-292.685876189186
-240.88054365495015
-392.065065101697
-392.71218007463267
-345.3317799242208
-269.68354621261017
-312.9532916749928
-339.1999750539586
-331.3196998359762
-317.8424295011889
-317.90100909238794
-319.9439799737464
-308.0115200387981
-295.24051479388055
-383.0270502873249
-321.0956751958707
-293.5772084105592
-363.24528189223724
-384.5199452754855
-444.3954473017697
-458.42835819831356
-425.8237217257597
-436.44689106275575
-396.80286543147105
-338.6033064181507
-368.22797613624465
-267.826396492825
-300.3327147596836
-331.2608167195547
-310.2552359689011
-279.7912345822551
-272.36798497737635
-289.0973983956268
-386.1119975893352
-384.4778892934899
-383.11381906853353
-353.38047371501074
-379.98603168878674
-350.27968790293505
-268.8505018182047
-385.0768996443781
-389.7985404558177
-387.4455358333584
-327.0549221800471
-387.08208724528953
-376.3754464475071
-274.627978152859
-256.4778001472131
-248.85736887565756
-323.36036534545315
-269.281985189746
-360.9128119131889
-339.6366643375914
-386.1580806973423
-439.7899577404424
-196.74334771972585
-423.6320049933985
-420.10449067171413
-403.0443030596645
-247.79174115759113
-437.05208906466754
-257.43250390052197
-310.0341785427001
-335.96428354347887
-237.8567638527754
-316.2905911751744
-349.2079186081958
-453.5823046560768
-340.05389683920623
-412.27573505272517
-451.71296030906456
-384.17542914619827
-402.05229523547143
-335.597871854479
-400.7241759844477
-401.1916269846062
-351.47625365622554
-469.9923540872422
-418.354994667532
-284.27693328685024
-410.6382841222122
-379.96764254141175
-392.9693091441282
-432.57232820558966
-354.60380443983627
-453.3228788427665
-348.10134741658356
-495.7040961801534
-482.8275280209316
-603.6665392035821
-503.60052883371833
-504.7780523794788
-502.4909095762495
-492.1850903351503
-518.4070232048625
-515.626988403663
-516.5385384160604
-487.9531189644132
-468.65333774245926
-472.5922701558509
-488.36822853653257
-493.2675459056836
-386.1049466976541
-482.9268742900507
-406.67924011183777
-425.91841239923116
-463.4761232133068
-475.74786674028564
-482.90126018225635
-414.0401131973014
-411.5937677991981
-383.9837018613651
-449.33055308328494
-382.72480617053384
-414.7012547497983
-478.63581291135523
-389.3135503946202
-325.4930397237604
-330.5270338589623
-237.5283170078492
-385.8780508941541
-359.8710627268608
-342.10158918541583
-402.60994031464264
-432.14428266459254
-431.3941966700839
-405.28743823088155
-413.6922875166307
-343.20620857695917
-438.93880635592643
-417.60736980167206
-355.00965130767906
-385.3130271671295
-359.233574662995
-450.62619192232484
-396.6638696995478
-328.6105219560312
-266.95999708649214
-374.59273330909343
-252.5477403542359
-358.0005804727605
-369.28053315371176
-434.73951473794176
-342.07841780900134
-186.4806668006559
-378.99209540373397
-359.1585272530207
-384.84968710962454
-472.5586203587871
-424.2906802741379
-480.70105915324956
-482.05655209291547
-459.6362820741228
-457.2065031193786
-461.9219866461641
-440.66999195660844
-462.78252993644446
-511.2318776793463
-474.01477091934555
-454.6302344916585
-526.0431326862879
-453.66364618246746
-492.6810347739474
-472.64965224331996
-493.83358778768485
-516.8909794569938
-500.47804983491676
-473.7128552499193
-496.025017629206
-497.7601158164506
-524.5313365176357
-503.67268085602393
-512.3813972243687
-539.440763133501
-529.7609726645072
-525.8676697528066
-480.4795422074816
-525.9439518569417
-513.0615892337671
-539.6136756782886
-529.3724764737951
-516.74079189801
-520.7051454935051
-494.82157780127466
-502.81499753016266
-528.2990603124647
-522.3991310607435
-530.4653036006737
-490.24493611889324
-505.8207771243301
-509.586014379246
-490.50538868726983
-505.2152504455729
-478.3801451707366
-506.942922549877
-519.1565439649272
-486.9627715030225
-509.21051151862525
-513.0820859637925
-510.95822492002543
-486.84546735284187
-501.39193248894014
-474.76847859574576
-511.3615196170442
-605.2538088289282
-629.1947693591655
-596.690542732305
-604.8516001694671
-583.4776953132426
-592.0339870702302
-612.9910754020425
-591.6041592396871
-574.7999196259748
-558.7415946343442
-558.6696895263691
-523.903711360627
-542.5357510646204
-597.416778311696
-491.27720085810097
-526.5755632038774
-587.457343966186
-586.1850884753973
-489.72853557148875
-455.98389585318563
-520.0971791782695
-551.0584311652033
-523.4314297119248
-448.4257431091519
-375.01053150746776
-352.1722648801003
-599.0530434321721
-336.5281884405493
-351.0153808769092
-329.0201856005796
-332.9128178854979
-392.0565794558706
-359.6807593632186
-360.2640604980222
-348.04050855040197
-349.2122235416855
-340.73318021047294
-340.07491661626
-334.22311359082414
-339.47539605764524
-328.6295717287381
-336.9273148697316
-339.60086864100265
-337.58719482412806
-325.584256221692
-326.83188065287044
-321.262784558861
-311.2155675448641
-325.4193840170787
-326.07815189115377
-323.4795260130453
-324.96085399241645
-331.08529124469214
-319.31209870406803
-313.61803011582316
-323.71508690987673
-327.2001879876959
-328.7632317833588
-324.98926153327676
-318.83595824536394
-323.4757342772389
-326.3831262858476
-321.83425538615603
-323.8253780047081
-315.4455855916647
-322.35559822914524
-322.59979099220584
-328.89340632284444
-330.50834205732684
-322.06825992059913
-328.9478164435872
-327.46291437528697
-321.81542160747836
-327.0265066907403
-321.6650212610979
-327.21863977100713
-339.70304336179265
-342.41507571321716
-341.2122679367658
-330.39029407310915
-333.55988408703183
-345.4121696597072
-346.4966245814404
-345.66012955014116
-352.25645462050215
-354.36555309917134
-339.50919498015406
-357.95780443097766
-355.1294553628941
-366.54984339826547
-344.067673398741
-346.9743765474567
-342.60516835420225
-354.7315532053232
-388.9646925303321
-364.7700218070139
-396.6288842104087
-390.86878497976045
-386.91161751671126
-390.3966329505902
-382.6828446541967
-356.6001940556566
-351.80796072921146
-281.24984612376295
-410.31070062463107
-404.51657826444244
-397.99447131262787
-374.97204046705565
-407.66034387958643
-412.6016353547583
-412.11993973206035
-400.7393677626594
-384.77446440843113
-367.1211427974749
-340.4264546282954
-399.0427240013782
-358.3367644354829
-491.4484647117039
-431.7854604415133
-515.8898621558627
-394.50390318909064
-514.1093298448195
-550.9532227894671
-440.74172667258495
-491.1364632416829
-507.4508097077973
-542.1005321565269
-457.87820484736716
-529.2728139453817
-416.1820231178596
-648.3099203167102
-630.5691029473314
-618.5286367639685
-623.9048723763035
-616.5821617897444
-622.8804838591354
-559.8266330295116
-597.8260016687927
-579.5818558685893
-644.2676399218891
-599.558536819777
-544.156253179624
-614.703624558116
-596.0878633875278
-620.0638715758408
-611.1721900741607
-601.902142514283
-644.9171100762925
-619.4473947353903
-615.8661817216879
-626.8361710079715
-650.1783012762368
-645.56057465528
-641.9346957643692
-643.8543749848149
-613.0419732978186
-637.8556087192707
-647.7489066016091
-645.4255132311235
-647.1032684820555
-644.9618503810622
-654.9297675481505
-640.3423594412128
-642.1930555585838
-625.4858427893075
-658.9794771042099
-653.7100119166234
-649.6762783440382
-654.2417673346681
-655.7013690580391
-664.5716719409033
-634.9708992003797
-658.3062205371788
-670.8599324410795
-627.1724628210229
-629.2976900739175
-628.2432803505012
-629.2645966903557
-626.9834012974762
-616.8990290444781
-639.2913029664048
-664.3926496476454
-624.6048326156807
-629.5181443146075
-636.801918805984
-626.7568702109651
-641.1707525584237
-643.4784459469608
-634.0122982792124
-578.0339031368578
-609.0948529811301
-602.440971279421
-601.5281351853552
-575.1870876952978
-572.5036736819686
-628.7955306042405
-536.9748944676755
-589.7654897668288
-484.70299414412096
-552.7854627048907
-567.9665448875224
-580.8337341300783
-491.63705949124216
-466.2173909221687
-526.8810673428756
-442.00835926632726
-264.97707496458236
-281.3803336517119
-459.51936131908377
-388.2168732132827
-448.68729372010245
-550.5770693629871
-472.572347575841
-433.1607066748545
-445.5737081680531
-363.1344048187677
-422.49284143568457
-429.1413537541125
-394.8960311445766
-497.48054072304666
-338.6902937841764
-379.11141395322954
-359.7125434889211
-318.14107702475627
-350.85712891713865
-443.2998949883676
-355.385746334147
-383.40763636480744
-437.1616567266242
-261.84231262255815
-520.0700709089166
-585.448556593541
-247.1345508668156
-383.7596332186553
-372.62545074874527
-378.2418560872059
-352.15295737843485
-404.0085622156859
-463.17527207357466
-504.6065614003609
-484.59058724248
-383.5121483614573
-378.9554075610214
-384.3141636698098
-474.9020124235037
-409.91943325451325
-414.83174821734497
-382.4135039886315
-524.7997168496348
-409.55239265999313
-400.3479370659308
-371.15327255593337
-409.72051896122315
-411.3077458080682
-360.40423698870455
-340.70851072495526
-440.10144982124314
-374.782718474341
-384.4028787979315
-426.63519593832666
-370.53376840855873
-434.6055752964894
-411.6316516088739
-377.8977294172138
-439.24644497211176
-415.66844699977094
-372.635594270803
-381.4574360724176
-418.0853583157503
-390.72735378210416
-356.1512257979964
-439.1962976323693
-415.70228202532303
-445.1621345379374
-459.84858166694244
-484.5839702214629
-431.78253004424704
-464.03561003856623
-452.9821993874286
-439.7935793978237
-260.66861378345135
-269.9687349848792
-273.6048164495033
-551.5779861772395
-255.26163018626974
-418.08372303558014
-455.5713509937561
-394.02736933336234
-232.19327626453094
-317.39248112243695
-271.21259590324934
-304.5406043608985
-272.57976462335637
-339.0993046256382
-299.71741874151417
-374.02700198052963
-399.22010534091385
-454.55880233567535
-500.69994374079675
-425.50718543723633
-248.9651073572112
-439.6086283424758
-330.93832969102556
-405.20713503188415
-439.26520737013
-446.1756002939971
-445.26060625693725
-425.66434226737886
-468.66873111958074
-487.2984536288531
-543.2463086170329
-458.08840943267813
-554.0294199074892
-431.2278580950721
-564.3345004356848
-475.6274374350784
-510.5275588918799
-555.9317159575688
-522.5168918579933
-393.9263255161782
-515.4582215361738
-463.75470843890537
-347.9315580384358
-530.3247921740825
-522.8712435269986
-436.50770020439444
-479.34662951188164
-462.13420464170025
-499.57805077871984
-444.9812483560213
-456.07370165550344
-514.31664131527
-469.76662861927304
-481.5238004770947
-484.06828153229293
-533.611301319917
-478.3879494477158
-489.3369122304242
-401.21992706803877
-486.1511133235741
-490.25940940135
-458.5777225706969
-436.28311010679806
-469.7947369048418
-423.7089481623136
-425.2883625257736
-426.2512938912114
-401.83928299500565
-455.653838044979
-444.4811570116699
-414.07625885357663
-436.2092395176155
-469.4496226065785
-407.66016597494604
-427.0813558989268
-436.71241046203204
-436.94069175182807
-401.88032648760833
-431.9109187877133
-406.04544194905935
-355.47802502591793
-381.8476981094439
-302.7994620675421
-436.720880668627
-434.5833317878753
-385.6716273247601
-432.1029374583274
-264.9764305833885
-291.3884905121533
-302.50977802424495
-380.82015411472275
-296.77828168333923
-318.52141593030586
-283.75271053865407
-423.2719072042097
-437.7743839026054
-461.276668419157
-425.5932614322064
-411.93520950317946
-411.52979020782135
-209.76789956197456
-362.5157473944797
-279.6960144628117
-324.8760264204048
-257.1477297123392
-349.01209867534726
-272.1827653919307
-315.1662747269317
-241.74380429343645
-305.5430654668544
-400.50212674044684
-308.4505620832562
-297.306360743987
-265.52368282100616
-268.39631377433886
-254.07758783536664
-368.12414805237125
-393.73013762737725
-376.25356861269415
-411.4256474387154
-431.3327447502794
-435.70192422596955
-445.743533619212
-255.21237007133826
-254.53100480268836
-347.1131543483734
-266.9116311521794
-285.9001250461602
-277.91359856200654
-303.1292154735761
-223.5065905845941
-155.86743088810255
-205.31716763145948
-249.93584686592612
-171.07502692394823
-299.7938009569512
-265.8074376802161
-309.9623991031044
-185.10111742236268
-232.35473069355993
-91.92264030161932
-240.6135855020185
-123.84255098300822
-74.87894425104487
-249.0867215235734
-379.21497688646485
-196.11652481882797
-114.52186775578816
-215.237106100631
-277.2817881164202
-241.09837556630532
-245.67181278422137
-178.11911339649603
-135.28355816475087
-213.73215595882237
-124.3963355751105
-170.64191507809693
-221.88878840556688
-117.33803033331623
-247.94075540537844
-275.4647687290642
-361.5643058574091
-344.5319979094864
-206.74031077783758
-317.05334176807526
-230.94486594127557
-398.8301752442121
-370.33133393165855
-297.35655088552846
-236.18859768483807
-242.52164450937755
-264.1604367130619
-455.9687039299383
-364.1201643219
-231.47473876481527
-281.57082985750594
-199.0476870148641
-347.5217039353811
-223.15316493218165
-375.107448471425
-312.4983827096608
-365.0492913138458
-346.8698243117796
-387.60917865896465
-329.03019164181984
-425.1661077643056
-361.4521960000626
-365.0985283761993
-354.9279936194123
-361.63102664211806
-358.43577332114467
-293.7218220066378
-160.15430331468414
-415.3210211237875
-108.2521796479306
-212.14453852982027
-100.02729770881392
-318.75817610262754
-13.08796832410056
-90.43755605697888
-25.749183927705097
-10.411672331658142
-16.98238699016001
-8.149055550307448
-12.373444067962902
-7.978789916042357
-7.848520180671641
-7.219788836976204
-6.817638293811439
-48.388383154448
-7.037438414327212
-13.42045954695637
-85.08314059087147
-38.77585195902385
-8.057723553659752
-9.156384377545056
-9.283732192150916
-10.77950919011671
-10.085305116861392
-11.383070495738632
-73.25700324902853
-12.815327872068407
-11.00374737798959
-10.013821679555887
-9.493625236918364
-11.841328630966688
-10.036446633534212
-39.641666399635625
-33.071211974584315
-12.899061404098351
-10.417410112946067
-9.134849885758493
-10.420336914840929
-8.69800140773526
-8.830598230013283
-21.13347723171848
-59.7803416856018
-7.853846447638228
-8.587939619137984
-10.794353812640617
-9.152622765597133
