-209.4175981568697
-7692.3386943445175
-5896.7740922903995
-5941.134664986688
-4593.1012915249385
-3603.756262643109
-3743.5054339352846
-2642.0412447655967
-2831.113957080688
-2762.324562075469
-4584.270654963876
-2930.9964287813045
-3929.9504650257563
-2457.879178497737
-2841.7986523095396
-3056.5321712589766
-2731.0201124755936
-1657.1663411326492
-3297.260075674657
-3805.888682415741
-3672.425115737348
-3605.1884016214735
-3712.9640168029996
-3000.224096654338
-5764.3173248065905
-3638.850555424986
-5185.675419093534
-4653.006476842514
-3333.7235318397748
-4391.903042902011
-2718.8280448442406
-3823.0038371215705
-2961.5708395925485
-4032.5911804313446
-4943.534735427114
-2788.8253950104854
-6178.152597864769
-4337.224260161825
-3573.7465399113034
-2903.3435751552715
-6537.069832055138
-5806.414182229981
-2286.619455586402
-2916.8760779835957
-4591.09980129558
-4550.367307830345
-5124.751112423773
-4702.650392453432
-3554.1243928969457
-5026.022582705843
-4098.631411456364
-4052.2409370976507
-3930.225763532712
-3771.304668871115
-4266.764025637919
-4362.463362736169
-3732.8163279423457
-4585.328355622116
-4672.950298799144
-2872.7113005811525
-2535.866983933127
-3545.7475390990494
-3656.986599690675
-3300.608798875933
-4865.2551088507325
-3875.742627705538
-4659.963017952188
-4870.610651321666
-5256.430950912279
-4311.043995099765
-4437.980258069175
-3719.4788188865596
-2151.8009442791104
-4167.64454310902
-3702.793401867924
-5711.511462589722
-3664.127222382431
-5575.321356441865
-3756.8303985096504
-2105.8718778700304
-4192.32539933362
-4280.474682927982
-4353.883563519501
-4976.985889256476
-4278.028817597229
-3440.1240522926128
-4261.463145855523
-2740.62402232482
-5471.354122282223
-4630.9310177670595
-3431.9706484839585
-3894.0701839097164
-3789.181766141259
-2220.149913160432
-3719.0253827081465
-3551.484661852311
-3224.9954624557413
-1089.5807175924167
-3487.954965251322
-2991.697396327864
-4000.6785623490573
-3805.654090908724
-3346.093351689913
-6123.823724806804
-3603.104214119301
-5342.178655296283
-3323.0244898859073
-4897.196783047427
-4777.0207317961185
-2670.221211337511
-3569.2001948721345
-3426.5534716630973
-3154.468220461296
-3826.2398987686365
-2365.9581156996624
-4722.62757047128
-3031.5777197635994
-4633.03970197702
-6125.847698181336
-3157.39146161096
-3481.505606425782
-5063.806934077654
-4477.43744485976
-4681.2844944439785
-2184.613297385139
-2864.0773056700727
-4017.5571839563913
-1902.4405307173972
-1924.8032893841923
-3743.7456034433535
-6222.435966209483
-3359.108353147406
-2529.671270929611
-2993.143516795741
-2065.0762229969846
-4316.554344781955
-3108.1408206224382
-2028.7823951920286
-4616.1444726298905
-4035.2480809479293
-4196.6019120818055
-5985.497263489062
-2378.992384258345
-3756.196939169604
-1632.7721306085487
-4737.935570968625
-2481.824861351584
-3818.6099804052365
-2497.2570314397226
-5681.826847195881
-4484.302325660881
-3739.4162746080083
-3458.3920933011505
-3136.734364626735
-2890.951660337401
-2560.938475099436
-3636.935309164191
-2399.020086567044
-3268.798524803331
-2377.030034557109
-2668.8883610875023
-2179.8679551495866
-3621.3178815942892
-4637.838505326644
-3781.781421483301
-3622.5310842110403
-3641.884366825259
-3319.6508542443216
-4406.243983362472
-3715.2799194995987
-3933.884513289541
-5458.283302563436
-2868.467475500234
-1418.1606075648856
-2677.3787844107205
-3180.244522099955
-2724.1760154857398
-1882.5388442997676
-2691.639687632085
-3313.292590497236
-5219.039765387183
-4138.600868690986
-1587.3700507013807
-2653.3666716033667
-3117.205599391595
-2053.125634713663
-2996.0303232860724
-3683.9234269808335
-2699.4512761368096
-2298.5515591297676
-4887.484248986397
-2307.208200000447
-4148.959579593038
-3594.6138603237073
-5308.303435845999
-4431.910215691092
-4400.6449016245015
-4301.848462659054
-2719.8562373095942
-3430.8189166549687
-2011.1161508502503
-3226.915566962144
-2287.263309570248
-3289.0040251652017
-2337.200236395239
-2648.0943618176784
-3449.2403567744327
-3032.729070536847
-2516.3307756025442
-1609.6460511179296
-3219.284955761504
-1766.593627517141
-4057.5964160868616
-2808.858800197085
-4987.907558404754
-3313.0917783403925
-2582.115827010998
-3202.3211751845356
-3156.4510721640836
-4859.0523305446395
-4618.169526016428
-2154.5415698093398
-2760.0268672420457
-3615.86699673715
-3903.155117001704
-2555.416648166823
-3331.5263122591587
-3655.1548615980287
-3516.3201654388326
-3973.6323023173786
-2474.324274057589
-2288.6295842267864
-2765.9407426100342
-2408.441668877287
-4122.306901669793
-4469.467702535685
-3551.9679084642407
-4890.477837865398
-4408.795984052538
-2816.9272906800793
-1989.0674514389293
-2555.031727148964
-1419.1989949638214
-2777.7237119304664
-2486.8185451161453
-2758.6266687126576
-3218.969382647456
-3515.5476492896655
-3363.304903491772
-1531.8862331821806
-3578.9515899236335
-5030.7554065597415
-2326.866922720392
-4231.452985370292
-2238.688344560238
-4143.969054065565
-2987.382932226508
-3918.1950977440993
-3704.949740844711
-3809.5674799112553
-1527.8354691213674
-2446.855955843628
-3116.4333381105766
-2500.712562383647
-2544.573155573816
-5349.240138416308
-1833.661323583114
-3119.631824242864
-2819.548813948441
-3369.3276330324857
-2856.243023657759
-4058.1808528639367
-1313.33689018132
-2257.044030883512
-2752.858771223775
-1438.9478135655595
-3954.831481300791
-1518.4525133013733
-2078.565939384731
-4830.3114687295065
-1064.495133753786
-2368.0771001626217
-3554.8845890509374
-1747.2714304574893
-4016.831559209171
-4321.928273962686
-3605.888074184058
-2534.6633145256283
-2992.7965387424338
-2833.2741554530103
-2041.9531014858712
-3107.0741191508746
-4134.039619537057
-2712.305378987403
-2813.4431384437066
-3087.1037271091554
-3591.502376239489
-3589.8197716720297
-4082.441480240297
-3077.744677242776
-1260.1038860736612
-1880.273816906526
-1224.4429268067418
-1990.525709876287
-2574.8893138920234
-2010.3588641391204
-1754.3813535506993
-4040.120798698032
-4523.331123900122
-1664.557280549103
-2252.081962500836
-1694.6604796721522
-2880.7868878917984
-3288.5158829000507
-1496.3791228683863
-3101.032291668114
-3565.5605900027313
-3961.091144659946
-4251.954025426811
-2180.29026641811
-1992.2833962459858
-2573.4634174149255
-3266.594847647187
-3134.9256760006274
-1074.6168183630652
-2781.592510535098
-2443.637962450481
-2301.5779059009596
-2247.7247820691887
-2139.73663341848
-1783.414575935506
-2144.7956511263515
-3649.0949985450707
-3992.705641631076
-3624.5703090660877
-1760.4497159466384
-1376.7666827966386
-1799.125657832783
-2538.0270853372667
-2450.2089734694414
-2800.868816320234
-3307.672711892833
-2934.454150897005
-1969.335921395057
-2772.0542447324174
-3830.563154744379
-2493.6038996067086
-3030.107574754617
-1650.3199346891802
-2471.520074859447
-3157.5092527079705
-3378.9800131329166
-2221.262360469826
-1996.5278052543704
-1841.877255057954
-2509.727033489247
-1816.3941261524378
-2289.419787061337
-1296.4246644376328
-2137.6753125453242
-2119.1631782163295
-1734.233779292898
-1017.1707564935713
-2891.3984949390338
-1656.684912218953
-2110.3271186777424
-2578.8038814061547
-1547.5110601840397
-2061.930888095889
-1746.0384069897787
-1376.9256377544727
-679.0925544548187
-1292.6484359795934
-821.4790953114359
-3111.3599091642764
-1644.6099635070002
-916.529842799863
-3209.743470046026
-1923.3081290222
-1659.086210585664
-2314.5118378468524
-1994.1571845447668
-1719.8126721124092
-1932.1867417125936
-724.7419758493002
-1104.3821032746632
-1915.3220604075086
-1563.8367348959623
-2304.664744157321
-1312.3277511658303
-2550.1078520852398
-2161.9391358910793
-2202.313531951932
-3515.670291836815
-1157.326841335026
-3249.6049719772104
-1684.7103605029592
-2613.4121012067785
-632.8979610783111
-1095.6537355873104
-1672.9502296917794
-1287.1290203958226
-2022.0891658475641
-1139.5397481768994
-662.387962060845
-2174.710967305301
-1407.697880990568
-1931.445610218428
-2053.2735444552254
-1453.3665358499472
-1047.1147169944597
-1450.1331016183326
-2166.0311957795166
-2544.365599608129
-1537.6492603557538
-1480.1636369973726
-1770.5301181340537
-1709.7589593447074
-1446.3701816004998
-1457.5916540172213
-872.9102991470766
-2112.752647931716
-873.7689440514031
-2552.8613851233217
-2596.3139748693325
-3412.605340330192
-1872.5528855843213
-1150.388476970086
-2186.232536703735
-1043.1031828811751
-859.2761749429831
-2023.0517365945263
-1643.869377724358
-1568.3097609599386
-568.8080982244942
-1511.71046170321
-1094.334325789346
-2218.65853906946
-2468.6909027927927
-3190.8450323072198
-1559.9432009127374
-2310.9872340617144
-1660.3951488515108
-2970.204574346479
-999.7097266922451
-1889.9706786006843
-1017.2338146956108
-2256.502110613618
-885.4040692490918
-1869.991175653959
-757.784841454476
-3074.5662656328223
-780.2461986676428
-3678.348649434317
-1342.5426295200289
-1133.202409606652
-1389.721490339125
-1541.8295050816573
-307.2519523223737
-581.3633628388723
-1981.2730138125773
-1626.346971585382
-1529.93422860408
-2177.023545989888
-1124.4339714644777
-2186.9399833703137
-2107.335163514632
-2258.4590649909833
-2097.3832128900763
-815.0213229458597
-1610.9075044851518
-1637.8977164803016
-843.2303535391866
-1928.561648081993
-1841.7357375703364
-2326.8484240235503
-1404.6065127833692
-2528.4887017533606
-1425.8852106830202
-2074.45837806591
-3396.261448025607
-3524.463690198828
-1372.7772936871727
-3238.4416722292003
-1450.2951962796349
-1629.4809425516428
-4040.7277306512146
-2422.6855680956387
-2069.8340597967176
-1643.2848900670683
-2381.374413036448
-1951.2790161230157
-2919.184311103388
-2446.375247589177
-4180.9956036818185
-3697.2999442022524
-2679.9642108996077
-2134.134118657683
-1462.3260454792182
-671.8610560107185
-2441.266057176643
-2696.8465899235757
-1550.6003784762852
-3590.696853977136
-2492.3061690160366
-2348.5671129169054
-2840.739713425944
-3627.082179243733
-811.768562108697
-3724.949565995249
-1700.686041290494
-1146.8673412151454
-1352.8472224618413
-3580.574342165616
-417.6733829645413
-2699.8097046114963
-3329.0614569988147
-1387.1674176056333
-2224.179328799182
-5343.078387864985
-3855.982081246933
-1505.4684871188674
-2004.0838441941823
-3060.4684898088767
-1503.7223847642906
-3743.830094949696
-3062.183726111411
-2040.5603637918623
-3632.6569149827665
-835.4883807691257
-1979.1425857517484
-1179.8634108750762
-2810.6608485268534
-1219.2925015256421
-3101.5407231910262
-1862.4325367951044
-2564.5030370305312
-2251.6108049725335
-3829.437115402226
-1902.9256579851246
-1963.076462447829
-2334.3737639905403
-2100.406676758612
-2029.6072022594797
-1284.044383390515
-1973.9744005771004
-2023.8498698836088
-436.9707743358827
-3085.454574792523
-1577.1847303243721
-844.9614155016111
-1411.2224239124203
-2644.496289791748
-2670.1873352689413
-1435.938328954111
-1402.1176389563452
-1451.571472141185
-1673.5750643732351
-2496.3249987968175
-4642.684201804315
-1238.6140155927462
-1919.7092983363034
-2390.703079793975
-2413.9858433316167
-1485.073579002726
-2228.9496523943403
-968.8804519592732
-1378.4382139706681
-1704.7313979042106
-1185.936431375393
-2348.405700211759
-2051.35577384194
-687.461268740505
-1318.5330661346484
-1770.8419733141177
-2039.0775325411082
-1725.4853491757178
-1073.3906296520233
-1858.070474666164
-1282.862384068494
-3530.389770668302
-831.063760241408
-1414.795040085865
-1587.6917574545419
-1598.801442683538
-2255.895579950624
-1067.0481480912997
-1028.5736205667868
-1181.7177077343408
-1401.3659663792057
-724.2129213231782
-2249.304267973073
-1074.3899707271162
-2299.478310000216
-1374.046910269344
-2740.7948517104937
-885.399966631907
-2152.1309782526378
-373.88541757946575
-303.61888458504063
-872.1613162997605
-3402.0798418541863
-1679.88769461001
-1334.0886806155015
-721.6429019379016
-812.6169667373325
-1859.416182144357
-2623.2279483012417
-1925.102261172211
-1476.611588542451
-2112.0999408116163
-2343.758010041857
-1879.7688503468446
-1376.6210200618614
-945.4702589412947
-1394.7044889686279
-1379.2284880016393
-1402.7793575986004
-1193.2470052862725
-1745.5585551367828
-1732.943646580473
-3312.8273743626833
-1698.7922023222623
-925.7850222660575
-613.0331628707772
-1868.5357376015127
-1007.5429236606677
-837.8286910775926
-3050.1920954663833
-1157.5094701458945
-1417.1906602429833
-1843.7488982677933
-1488.699548841685
-2671.5598158415823
-1557.0586542911599
-1419.6717255429005
-2563.595128944316
-1560.063812265611
-837.843782565864
-1274.786041205318
-1335.3558122401378
-2450.1239248303923
-1638.049264672426
-694.3791068701764
-1447.0357291823298
-1283.5297734683545
-1259.9906456323022
-1147.796985149749
-2792.714589858893
-1950.2248773840338
-1478.0190686238261
-1243.419084956926
-1603.9230472386146
-846.9848481464294
-1605.614987363397
-1521.100842271612
-1628.8249680024148
-1351.0934821852745
-2097.4680413883952
-1295.5076349370183
-2154.9775071010354
-713.1561955626992
-628.1995642950934
-2175.3759778186222
-820.752145277138
-1400.8405735121194
-2573.596166151511
-2451.5589361079724
-1215.9401371989704
-1056.4837734594278
-1170.124048593265
-1494.2335902524567
-1038.26150641768
-690.2618786199081
-1420.6352823679065
-2629.2996070502545
-1891.2892671667935
-1639.5515650645189
-2919.7220791203154
-2265.888278397962
-1342.7389196233603
-582.5014286103053
-1618.1348281745354
-695.5599150484521
-2878.565984505034
-1219.5751712251954
-1779.4267289991212
-832.3999290493118
-1494.8793264849141
-1303.6654563341144
-956.9763118815108
-2789.6949922720323
-2351.4319094962525
-736.9843853457927
-1281.4871961964016
-1786.8472496553572
-1767.538904859683
-2142.115883119762
-446.7626072850223
-1166.0578242945473
-2357.732889133889
-397.2890553173516
-752.7380564387452
-1517.2979419885048
-1614.8154109100044
-2653.5833304392845
-1395.3562743026437
-1150.4294591950254
-1853.4395303153378
-1819.5455948628314
-1165.6894466026372
-685.7511351641464
-774.6494552919065
-1385.3533426102986
-755.3412160667319
-485.9447587345305
-1738.8864527348348
-1064.4913426490755
-1330.9967860142954
-1363.3114532797708
-1285.8932307863058
-1005.5198986100946
-1049.3236837789093
-1112.5484407206422
-421.1087025110296
-678.1870093633654
-1186.4823651213685
-828.3438424324722
-1319.7833080921105
-1403.9754679198245
-952.5611125152474
-911.1522784296835
-1163.1651975995755
-784.9843623648253
-1638.8666306557914
-981.4629747823234
-1718.8453813032606
-822.2341992114322
-512.1805091974355
-879.1061590354058
-1196.7263734043688
-527.9719389945344
-1963.0150287123997
-933.7439877571951
-433.56012119730593
-595.4459325965317
-1630.1772297258774
-1327.5577834876328
-1068.7416235489366
-2878.9811605956406
-1686.1857117941072
-1333.6746339336423
-1024.9769297816542
-588.3873353559044
-1819.4804336542704
-614.875699666926
-1212.0642998755209
-1239.2357139951823
-1150.0899244816305
-1294.2633436716496
-2005.8966675697184
-2797.487791040293
-511.5474458793425
-674.7370024496562
-1649.90534662631
-1401.4514024935293
-980.280571385221
-1215.9476332400943
-598.8006850102269
-1317.5673822282986
-628.3993409053097
-886.3584362683594
-705.8315957362224
-1983.5794422476201
-682.9588765715192
-1497.681103844066
-733.4326476555981
-1200.545985629125
-741.8700255385953
-1129.8278681829272
-743.678172994422
-849.6379598555169
-1070.4121864053861
-1592.1724043236457
-1009.1455467426366
-645.9346465991804
-521.1521228339865
-578.8759265464299
-1311.7991238854854
-794.547097087875
-1644.8131726156591
-591.3572217815829
-1463.5561851131617
-2813.411422455395
-1111.078378341912
-853.7354725914927
-2234.933921165941
-1938.9916397057036
-2153.573511032036
-478.1182630285438
-1033.298119875148
-846.8883500235038
-897.6599768580072
-1252.4589815369977
-767.2978062300417
-704.5530500420183
-1212.1207690407064
-752.223119614637
-767.8434432720252
-650.1160837010485
-731.5873452299742
-824.3863400523942
-1373.5901842631713
-802.348604164849
-1866.7826033782214
-1188.5034191664938
-553.7080906622563
-1070.5894349121866
-386.63019738388823
-588.8468280168264
-252.23469641128338
-491.14650618706753
-1474.8068499692472
-1990.4489482637216
-284.3643394330851
-468.8612064745554
-276.2230748311524
-501.8856574363957
-2678.627443890514
-829.0864237175258
-643.4246964313681
-438.6348466997784
-1268.625688565863
-519.2937397169864
-1070.758196475247
-1675.6033933489557
-1066.1373460641553
-1155.0664911366732
-984.1561892343966
-295.2792843667967
-387.8956945582517
-496.07535712341627
-835.1613534767448
-717.884549894613
-463.58816517525656
-2019.5021967448693
-813.9358011507891
-514.7392628199478
-205.38745061259223
-634.7550129599528
-324.22558450553396
-462.02527095982316
-801.4923588198272
-1230.9499085460263
-578.65016461491
-1240.8348843400086
-331.4081794405539
-559.3642242672762
-523.0292764600932
-636.7554063566674
-1053.3112939667396
-809.3712897992566
-702.251613318352
-563.0126620480607
-486.5148520919704
-378.9110665217148
-210.397566960927
-527.8180281080456
-638.9025843937454
-478.0460476071718
-846.552821344345
-622.7761346014059
-1206.231673960442
-447.2822746992031
-844.9749706219844
-361.70448242687155
-1264.258041063253
-867.7166971996463
-454.5339786047822
-682.4692746053371
-446.3269678706467
-443.0260640130829
-1483.6162971060091
-977.7244924242173
-815.1570098095629
-711.4182688812964
-861.5833188048844
-392.9561184030732
-288.3631865598789
-785.7865986042558
-438.9315758306293
-627.547922087594
-705.9822459538874
-772.6025167832263
-446.8082293904429
-427.8810193764742
-400.12882116749046
-703.3922598808855
-616.9722700028511
-506.97135122665935
-331.84176001007665
-679.7591552469208
-1236.3542968163429
-425.0118453662325
-1056.096399038334
-809.3463655198324
-377.19855450211855
-351.44123830202
-444.5137601804532
-508.35556829196105
-825.248829348469
-941.3320142976385
-561.5363505085389
-627.262104584569
-490.30009077776515
-721.8768736990899
-682.538001577199
-949.6885556050937
-507.81824502843904
-695.0553388380788
-587.9795548181908
-459.7682937782173
-397.3283580465616
-405.61220817675905
-828.6685294737603
-532.2029030702295
-488.4505744722991
-609.0945469991391
-810.920941149253
-624.4905496513276
-632.9970377946521
-690.2566083089163
-496.52586220244655
-288.722277321651
-520.380525745477
-475.0729218898958
-678.5374320850318
-338.662446578068
-628.9453251264874
-455.3877910613785
-533.9235210660437
-900.8434838652007
-763.7072779424925
-410.4795549625892
-1028.2946442125817
-942.4752739242857
-425.5666232549357
-618.6865178508494
-706.5426522578701
-445.12033181686195
-700.4590195692225
-586.0958887680323
-452.19248768528115
-2435.955880241994
-736.3256704762714
-497.45609057386656
-441.93506400702904
-631.2530381307965
-423.90666955293676
-598.4148901787922
-487.66716597195295
-730.2169345413878
-637.3368584760237
-571.8427927267805
-839.5245018142955
-354.6543318050372
-383.6275954199636
-350.066758654248
-407.877697243674
-364.03719624708106
-576.9400546936438
-811.9774831500976
-464.0766596960317
-792.7802630054036
-1234.4111443967463
-491.99161919895835
-626.4499437165545
-946.8502599832032
-599.9946772417923
-1398.441490813719
-527.1941098257392
-921.5747574303784
-968.9269455548979
-463.02897898258607
-497.6836540883607
-442.2949497721401
-662.0202237010328
-411.05297369487926
-572.3831331174973
-145.3717131470041
-639.7936164397129
-517.4475808324182
-570.5308310641843
-628.8630491564306
-444.0474128205643
-627.0118465672715
-970.8001679416557
-369.4228911320756
-398.4498348632933
-457.97271709683326
-675.1733936532603
-883.9751287607463
-679.1242497429337
-1563.73254939596
-364.12472165741184
-716.576333812417
-598.9637875208545
-354.53387758094476
-598.512339670628
-585.9770238123654
-935.8465644367328
-471.06931042426237
-448.5307339389201
-555.9068647659428
-576.8208278857214
-544.2191931164076
-346.68009091355043
-330.35557971191673
-681.6221469208502
-486.2856271527159
-481.5907514421266
-476.15320147240215
-391.1555377928596
-617.3704261879195
-397.1162935194116
-835.3850098342143
-593.8740993914009
-758.4956493304528
-779.8776980871341
-771.9936958408977
-356.93386975411477
-630.1318110157226
-1289.36429839505
-751.5086284807618
-301.1195818956586
-857.8722684198942
-230.6567205626713
-589.5167500346546
-440.5837332007832
-476.815341005305
-712.4235464990437
-508.58747597616934
-365.39647535406084
-430.95679659732383
-541.5710260931435
-348.48891657663285
-858.0776726966621
-540.8387609582524
-283.76852296719915
-529.3063552326031
-360.67998374489855
-536.1141218492594
-443.83861250253
-380.09540472346544
-520.6023955240069
-298.062660657047
-827.0753408508051
-1228.303852741797
-607.7923428725348
-472.0705856785285
-441.5444639662722
-601.670372132895
-400.52331711595866
-360.0053434974924
-626.0764192040118
-323.2262933960664
-658.343091220325
-368.8293309646341
-424.26031069632285
-290.2196639954788
-576.3651090376936
-499.7846634857907
-380.68389985707466
-628.7198811183971
-753.3547833665607
-507.0078827437172
-533.3905509645518
-597.7982577836585
-495.7216063250919
-508.2113993051795
-341.4119217672637
-441.78066240048213
-602.1649953229698
-507.0455854357076
-591.3323703492184
-408.18322610122675
-593.3010638362881
-344.84911429683234
-360.90862697626943
-571.5883686908747
-598.0344606500354
-1522.0847243816868
-555.1327141337134
-329.68665466981867
-364.7742075364757
-555.9546587388564
-1205.607923611208
-603.3380082356945
-561.5387286614445
-559.5971838615209
-472.7575927295445
-624.8489158402297
-1153.4444543058314
-621.9768484066108
-366.6466735935051
-454.3968913860126
-391.6569376786757
-494.84586949027954
-283.65185761280014
-353.7323869213832
-591.3104512724757
-485.3485864172215
-367.24859635086165
-528.8184422654398
-648.5929160007107
-423.84561930241176
-696.6619289845581
-833.9369273233842
-690.1611998057026
-325.43274220621214
-785.9653152992671
-695.0462845303492
-405.24246020974573
-409.21976672448505
-804.3024949343876
-353.40006341408423
-514.4906400077775
-562.9290033625751
-997.8978883742773
-418.02903840021116
-645.3651998575433
-507.4040164107493
-597.1501723880668
-441.49069050579874
-438.19453924515847
-357.90522855591536
-455.09119834546675
-692.1209561605968
-726.9725216867795
-455.7662981656068
-552.6236174348547
-1071.4222523432888
-427.14500735213375
-512.465040920021
-485.7949573589248
-476.08051678720784
-610.0549540587476
-277.1963460284331
-330.27257972966225
-423.09551608969633
-705.4808313979252
-624.113585184354
-535.2363575491541
-607.8858227312023
-442.31835521925416
-500.27914324603614
-964.4399874060199
-302.1114944993019
-739.9371415194956
-406.55798689347506
-419.5797972032063
-413.2843323480028
-610.5021006780682
-791.0350149270827
-530.4432394279869
-390.3034600531599
-359.2300198652722
-373.7841064845997
-231.86900052182392
-429.95718967147707
-883.533373073711
-691.555196236946
-524.5955041179321
-482.6822616587293
-525.558689926517
-508.2042484093022
-356.49212670719373
-913.3765069446728
-400.694275512504
-861.2774712278115
-402.40343961799766
-537.0809780541999
-299.6432127926667
-689.5839122383612
-408.63683190603365
-561.7467411318828
-751.8127957064117
-440.79306481586457
-454.3259856010687
-388.906712971924
-626.7193033792278
-566.6353093168268
-506.6186351073089
-546.2989399838939
-580.0777427073491
-528.3030033652124
-569.5338452782311
-1025.5443098083256
-681.9457200142131
-460.13887521184085
-549.9174015485423
-597.7227638056453
-440.37030355218917
-565.7256819471905
-1037.6746973633403
-820.9157600803737
-352.36586035765
-873.5905942921067
-556.3403487419015
-630.7456999577857
-495.4453001010243
-637.3202294900041
-375.1166393557401
-355.6347778467688
-417.8545791643645
-420.1063000772984
-136.33239191789536
-201.53670481115995
-284.88721953103624
-544.4470476649134
-820.8460693180438
-500.2926554242977
-552.1304381002876
-486.1449531793206
-398.334785047804
-555.5754365147374
-398.85378971563404
-506.68633294851213
-272.5548397192321
-434.70149154899593
-635.8333198467927
-1054.7521933473076
-462.09233497394143
-703.3923728348591
-339.1997755780465
-536.8430117316732
-554.9022143851802
-559.4666877193191
-382.1688634184787
-609.3483127860322
-462.49392260810913
-311.9126529118527
-910.6753009920908
-732.1281912629588
-418.09900631801946
-685.6564016783419
-626.4094561652316
-1254.8369305012088
-306.1504857570368
-650.0839608559165
-370.42402328052384
-500.69512330279105
-557.5088600241021
-572.3030107198674
-454.19761412615816
-632.2353604965211
-541.282541386975
-410.872013829992
-536.6881302559091
-347.5979532205545
-664.5103035048868
-286.97212488801347
-388.3043055418053
-525.4004422958417
-445.06199670911224
-328.2163975360323
-535.7134123335103
-865.986826369335
-762.5025899687663
-567.8013110617236
-879.5476449940666
-443.42822195825045
-291.61900793772355
-328.9568845333853
-378.66561741032143
-477.23675890367633
-371.53927227155646
-730.024884239292
-661.1019001654299
-416.436073562628
-497.5695585679715
-867.500906282334
-452.88339169991457
-673.8536027756408
-952.5030481047418
-407.0525030920294
-1261.317240888497
-698.1796974488195
-581.6935407520796
-815.5894977355348
-780.6798370685897
-494.14791763169137
-824.5513154329026
-1299.7005487327942
-885.9979186266862
-416.6159099358432
-1235.802295571427
-1477.5622165689979
-760.510397503703
-1396.469970175263
-430.4296485602335
-393.6232535521475
-409.17934325175884
-473.1344862070588
-763.2935852739879
-769.6489268288724
-792.7095985627464
-579.0514010199088
-514.0533021601091
-953.2509016720935
-573.4097285267827
-1059.433977859054
-479.8735933812871
-1012.6980651530886
-796.685963909671
-507.13576356866935
-495.09662973379983
-748.5104743303243
-265.5432154228802
-264.1901023173638
-807.0664058883663
-1070.273035689503
-660.3083556261273
-793.4208863657644
-383.52625287468027
-304.35985585605
-370.0080760397602
-344.5371910493724
-500.49599865346147
-692.3392370684868
-517.3115730825779
-449.1249830278032
-517.153200620879
-273.8735811587824
-498.34198992836474
-1114.4782402579365
-489.95909223598636
-261.47612970294955
-679.4109137484821
-737.4489549474325
-364.50895482967456
-697.3612135086213
-828.4734885793164
-1102.1835599599974
-1603.427240431105
-684.1119853006095
-519.57905190039
-407.57406462152784
-705.4448184760118
-344.38950240754104
-434.22946589238836
-462.5983551373506
-455.1411541240816
-371.76208660170283
-568.0073360783598
-351.70904059412356
-1179.124419350449
-554.5159459113589
-477.31102709206476
-749.3346500043774
-490.732250148826
-385.37786825620844
-1046.474146305671
-686.3660859048492
-1192.1973630256077
-477.8778410521933
-1033.7474915465198
-420.82931082639635
-661.4935022867475
-611.1134713793623
-730.2208802277883
-268.7686845814285
-362.992120947129
-408.68961164331114
-561.1536367239626
-505.0923438278887
-359.33962807612954
-433.02368425821595
-307.06856707213177
-969.5833317791163
-350.7884273239746
-582.3514465663978
-419.09075452071875
-583.4872713984164
-468.7003496883137
-501.9391635621888
-399.1798896282733
-769.236833498701
-1021.4211931736786
-367.24417729369515
-450.16332952724116
-464.413993544325
-465.73401414227214
-639.5059955823111
-381.47960135131024
-693.2860900912773
-711.3587168980035
-312.9240934719967
-359.04262992891194
-835.4919381989132
-854.2874603146322
-461.4874907144301
-1030.280757526988
-171.2485214024476
-373.60876143160027
-241.1621311334196
-490.0859167381222
-552.5805323784989
-343.63392040258753
-486.44452917366607
-401.63421100995424
-320.57404903955296
-316.57419520188563
-530.8667141751712
-353.41112298414976
-919.3307030357806
-530.5424539932563
-387.0513311835452
-283.3520946874074
-417.0125385276205
-344.25667761689317
-469.3476045565758
-299.5870851303243
-591.0895851517404
-397.55208525650016
-641.6340386154588
-579.243107132855
-623.5863794006934
-329.9197104494296
-323.7935533565944
-295.682931336883
-481.6227759244674
-542.5629930362675
-379.17974470733964
-606.995738606142
-486.683410549511
-803.7659319932495
-331.8388756963564
-590.612641566942
-833.8631442123561
-312.05309170640356
-587.4306004319715
-326.00003487345975
-721.7082809405865
-732.0300323789158
-625.3171542465452
-397.77764868510485
-397.7929144701281
-645.36491962376
-275.52541210361255
-523.5014956666593
-422.9426837224201
-642.0139949580132
-665.6857530207134
-478.540776328001
-405.82362251662454
-414.40941440126835
-469.50072938386154
-728.7806934428075
-659.2768209529638
-630.8884734770943
-276.8481826333605
-415.0552399772208
-475.8252722942248
-657.8263390667569
-642.0064395703095
-564.7655773283454
-360.3593696374938
-437.8327722703096
-743.2418231625276
-636.1499276416066
-454.7658729410914
-630.0900408385316
-448.72995470287333
-1240.3422136397933
-330.1987500763871
-370.8815266798786
-688.8183739130269
-285.3996619914426
-419.8332792330758
-452.0030295311983
-636.04792084811
-522.5475761074725
-406.94240796885936
-705.3274321783731
-441.3142470351364
-437.2850767859357
-657.9079351960735
-440.14848764365377
-618.0901747915802
-918.3211900081159
-656.3019654283909
-719.9373045182845
-371.4961014769763
-765.6436698899803
-513.2816550569281
-735.1219772581807
-330.96444619580654
-346.80143155253245
-612.6642829257306
-1070.0939111448065
-2198.087615697937
-337.03798722629386
-492.72917342363746
-261.2849484284899
-323.44161982351494
-733.7025989713352
-595.976042592741
-390.8459913978641
-778.0593492874286
-1174.5912401725886
-294.7200887415291
-900.5905215807574
-467.54699620080714
-544.8618775786349
-546.9484863211514
-721.3949175554742
-390.3400022661504
-409.17362038700355
-447.4902550765515
-646.0910210825424
-1179.3022277319076
-615.190303926405
-439.02314108149625
-367.1931305114457
-307.3067784184517
-318.5289707383152
-914.6815582598637
-351.8259505272086
-491.8653158506804
-334.7750464932764
-1022.8968040408216
-520.428902749326
-613.034692663031
-616.1913032739322
-485.51461089974663
-730.8969799355374
-290.27631372978635
-725.3963683598641
-437.8128480427452
-358.30191818543966
-280.7063451924207
-411.0129192813255
-541.9061915462447
-208.0684813918001
-776.0255427696084
-412.06857590814377
-248.1430612116153
-677.3303952099608
-625.201522931485
-646.8237044569217
-824.1628366645322
-618.8639483516573
-434.1179215962966
-928.59059611006
-451.6699274711882
-595.4186344964749
-467.2621875009342
-455.9617188017145
-442.2033852510411
-589.7159694011465
-813.0364578955773
-729.1920206063996
-590.0739288648472
-513.1933084836894
-672.8267762936325
-510.02136737081986
-504.2734511729971
-412.8685821433237
-1087.3286701087493
-507.91470410205005
-395.26119917551864
-535.1347788589627
-251.2417995787664
-980.05451326804
-500.8459320559511
-1103.9880111397817
-259.1266361127053
-500.0495562523926
-431.6289957603132
-691.884852726637
-338.83195617094924
-478.86869246082955
-647.8033125153806
-449.58284364056016
-905.6536611697662
-436.89019560521285
-705.2357554444898
-885.0247370451109
-1431.392657743504
-396.3192027112156
-1372.019201463958
-326.47291932603576
-1547.8762621287651
-669.9737103083944
-641.5240800341663
-335.7986718623849
-608.0610007669579
-933.9074885712306
-512.8717454117152
-427.4974442899959
-384.25040820626685
-507.81516781187815
-1712.2240884388941
-494.2565258286999
-343.67948952611357
-303.2929073794799
-430.85909571923946
-930.0959926477923
-413.5486392905735
-1038.7010493150865
-479.21406027162476
-751.1374754737717
-455.4895931471103
-222.25033226078727
-358.078211437619
-334.57342062311915
-572.0757285614842
-700.7958784529501
-543.0646823713903
-319.96304118012165
-510.93092291648696
-528.6380430027638
-619.7935139664702
-216.6675028626183
-224.3325447720362
-1045.4581205776035
-216.63836111280926
-584.382082289531
-373.8123643779294
-547.8735487160982
-640.8444558288681
-743.6393035724182
-518.8182760394686
-833.2422879691027
-802.2608533906877
-336.78877558667244
-492.6366348706755
-266.31355602683254
-447.08620175071877
-346.098253603579
-460.29244071143887
-576.5817831224197
-655.3985468441352
-653.1167005897026
-731.5498133513005
-513.2427396845168
-634.1905995064546
-979.3567830798124
-1065.566608956594
-346.53078630610264
-366.7078504514196
-378.91796699489623
-1360.6194084945764
-629.7447232406561
-958.43220840064
-541.2413848542486
-469.48249804106234
-833.1780128956425
-512.5529003008047
-321.33884521903667
-534.8227726831545
-293.3270077940631
-515.540507985589
-466.6017357343287
-511.3326154879271
-538.129857735198
-567.8646741277238
-372.31546386266683
-428.10177511337025
-283.9254122902794
-346.32349973468627
-518.1950136323056
-268.9540510841032
-506.53675939830237
-1264.2579520800014
-389.1703470930653
-412.98181674071066
-348.60060867738264
-860.783490569
-339.5235016268454
-711.3023525666124
-415.9258059862274
-1204.0156590812653
-1290.9714058653337
-379.27764769254685
-261.7802912752446
-508.18987687275586
-675.2583283052498
-1126.5752937505156
-502.6258833406863
-553.5300704831557
-470.1254536903164
-538.3293706148637
-585.0300065862081
-778.5728672673262
-1163.6218082599908
-815.2451842847888
-284.6661691117468
-801.1665334602685
-617.1598765024454
-548.059601118365
-831.4410039740883
-376.21803341421275
-445.41771695433323
-727.7897412657126
-503.514959946173
-622.6840674317452
-622.6853978101559
-664.9412906683941
-255.94999743840668
-586.4231247227565
-1139.7230525562763
-461.42457157941124
-1040.1507743183959
-733.6467022789134
-847.9158401624106
-644.0485232043147
-340.42080204171333
-375.83302521571244
-503.6497214285251
-503.350097574542
-724.3439828980388
-984.6356915832981
-614.6554788867428
-892.3194698128607
-459.6198965406662
-271.7867557200585
-717.4397706866549
-419.66718405609845
-451.6120558645231
-543.68126943341
-558.5223148361428
-256.8104822453783
-442.08970643623826
-774.5335028188841
-747.4173621630837
-910.702929831296
-1556.735339741227
-245.39218771099286
-691.3465142346683
-465.74423158777796
-418.0509288800083
-678.8790734460268
-1183.7846433245952
-531.0677497103334
-817.4294677152242
-342.1035270351495
-449.9819918620197
-738.1154439158568
-616.1788361303327
-410.0710458048707
-495.33302295102635
-747.8913390258188
-556.113569897716
-264.13086014840513
-540.4087853954658
-1331.866920917959
-597.2607200642642
-529.0926497620256
-431.1249486024634
-357.5877932129254
-630.7421385311932
-468.38449589181505
-415.88865099454193
-1274.1009040378997
-526.575100352531
-741.019109245487
-738.2067544269319
-200.70885662367527
-1346.5489707712247
-448.79863349513994
-454.71649551579026
-185.00186507289445
-577.0800390211515
-530.8001888094466
-646.8722603618622
-384.3728155506561
-711.6463727818747
-637.386432876932
-1068.5478010019913
-338.47944218159256
-381.1603942075616
-244.8551441341299
-636.2635975450809
-204.1201882400938
-605.4840007159194
-926.7213651918021
-337.1315594720931
-350.3097260421629
-428.0576778159374
-834.7537308447672
-416.22544565568506
-293.22591525058374
-562.911509072706
-406.1868589449633
-542.9242540346228
-628.8484085132459
-579.3681086197724
-366.7078093116547
-955.2967323487089
-200.78667911336987
-434.83326833729905
-577.7905886627401
-886.7794212488396
-549.796449161289
-245.1238848024022
-610.1995535332001
-738.8927749402586
-328.55640295828454
-427.44663635186186
-768.1041120878199
-440.12134575474244
-1745.8479427491573
-591.6618518411786
-572.4461332394892
-79.19867701825943
-350.730559697469
-196.37618932155775
-268.6831957674718
-988.0406998028917
-1443.894589138473
-697.175892258742
-836.8938065677338
-931.1124430305435
-291.38386762036606
-1347.670312292195
-337.3447079088615
-968.5606332397964
-267.8220083645986
-893.0552423902542
-117.01600240118957
-683.5799185740873
-1127.2015350259787
-525.7231256521349
-236.39142147244362
-420.3275326855673
-418.11694099554046
-312.5756772501169
-167.03385771887298
-871.0385578131244
-455.6642728970471
-400.78824388438676
-633.8258943036213
-543.9672534927762
-760.5486781505319
-406.70753650699896
-547.4898303280091
-616.278778596631
-279.0926563081259
-914.9450675393714
-493.0806078675246
-433.1244663519921
-529.7707751764414
-245.3301590279886
-273.323523477658
-260.16570825461815
-296.62515347668153
-248.7742410258076
-858.8823611265683
-841.7315959736378
-456.3759917608599
-409.0243594570181
-301.47224312787705
-468.9784741016195
-305.4949493841091
-366.7408189900916
-743.0567402484635
-439.9129182046258
-297.2543663052548
-216.3641923719309
-425.18168827332545
-528.4615988085519
-374.29887293030833
-233.21686433665195
-424.9755379414028
-390.01555666794377
-262.2049739090921
-257.8831117923694
-330.4661993252197
-231.01677464818576
-229.05452544339235
-489.11079639322344
-510.0606088710088
-496.38744915198714
-343.4962735324334
-635.3069095867346
-464.7111789867353
-736.5235896451878
-372.59101062428266
-419.1923771955734
-269.16136834724387
-548.1541410508504
-651.4119191418063
-323.5160898877957
-448.60744433033705
-655.6219854231152
-1080.1884658443269
-750.2314842983019
-224.16086403132513
-631.5134023517385
-784.5324946542306
-517.2434366964019
-383.04372725655816
-825.9836676195898
-500.8014136757356
-272.33086194781646
-1196.013809652737
-422.55140746516616
-414.33774504740177
-493.2601893672856
-578.6583823424601
-581.6264077762079
-694.9823439416365
-342.2663722975268
-600.9973647243994
-354.0404763539192
-85.82930650856024
-606.0489417482944
-633.379841717251
-335.6050031705079
-755.0459659805788
-422.3161229625974
-307.6918311118677
-694.272350433445
-406.53533404928413
-551.2400182300158
-642.0217635098883
-282.6446461474921
-687.5941942266528
-583.3627022787241
-213.87619907741882
-443.3052048576043
-246.8881932892138
-554.1246329409414
-587.3366635904492
-125.22869896731221
-435.1119707743187
-1054.1332329688212
-366.6728411994786
-598.2682323380035
-429.45175920055914
-607.4897952580733
-380.79393538797075
-355.78075773925616
-504.0119862620873
-195.13333456959856
-628.184544568548
-371.0008057286212
-335.77752321412555
-310.69710466991427
-452.7890206237738
-247.1809701163558
-392.0156508120258
-412.35124909412906
-334.4295295427693
-276.97229126394006
-429.24362237549303
-519.1488638354742
-289.96359102636103
-1037.9108514743316
-796.2651662035621
-185.50434783324255
-311.88224083718023
-332.7378236908477
-269.4583805670115
-216.88668225832967
-341.6908488284476
-229.37894556993757
-688.6013955330042
-1861.453962206795
-493.5721967475149
-557.0545337012287
-1025.0957243991452
-965.3720328601589
-415.06122931019655
-163.17581680597013
-1002.2310519944078
-347.4735785048897
-214.07107169949597
-711.7115717469239
-499.1270358312311
-959.4008593923736
-344.61418872260117
-505.4088041470663
-666.4721870410038
-585.7169543302945
-811.930042469679
-249.81309702984703
-146.2437233758125
-879.6119297124053
-438.69844188830655
-406.30673941333134
-729.2283284882818
-246.74771281567567
-803.2352122869494
-588.3327508819737
-347.4026402582846
-498.3181120483928
-371.50335080279046
-373.48573520777467
-487.45485579282206
-617.0874171389215
-713.2977205877661
-450.21331556858615
-229.4679954307071
-702.0915301352525
-168.96846671823542
-238.47476476566098
-617.5394695754877
-448.77092488774434
-490.59058429283215
-404.9258038669493
-540.7766079730367
-846.6191979896723
-357.91171771206945
-227.7425372628618
-325.89888697654044
-589.396540099415
-400.90889590174373
-559.1990076916621
-209.49736606305828
-385.8493750018486
-229.65965062761808
-322.6971824443471
-418.2956113298424
-331.0942250810408
-681.6637496682254
-279.66557537026324
-430.24125641474046
-541.2552621885714
-384.6703383894706
-612.3634917757233
-445.9185580060686
-618.827612187406
-372.4867274613755
-266.6403640884919
-724.7457790756016
-626.5212747111106
-1162.1514716555898
-943.7981472882893
-914.7223727711296
-355.4538134393767
-678.3993011352484
-385.2739467225491
-363.89952991888515
-328.61424412415926
-250.32649005992448
-301.58083521561997
-494.61766254282264
-354.16739554285516
-76.85508614665314
-296.8730514131824
-350.35249423093876
-1222.8949238933571
-376.98611899724364
-509.4481330919618
-733.8576550593248
-860.4348276083497
-378.86782981223695
-111.47088975447662
-635.7365228321627
-262.5276054854203
-372.35405714914003
-308.1881474508388
-521.7914104600417
-618.548873099424
-168.15605373064201
-829.1514482967524
-288.1859456179696
-304.6242109266222
-588.7959931028862
-1173.8678729610876
-539.27872471013
-477.8287666574734
-385.8229385727879
-329.1783125399612
-974.4145735185507
-494.11106648280196
-689.4428506349519
-406.8287777483438
-631.3910670086492
-505.187325373664
-205.31122678616228
-511.28270704601357
-636.542019216169
-555.9975091499375
-309.1635420285994
-550.8127616698059
-281.26722468730196
-907.3602300985781
-404.22302605885915
-248.20878921211147
-384.4810664079559
-577.1026237703556
-368.4055386386778
-287.9843048080484
-322.8092566229849
-515.8134172521954
-1033.875912863935
-502.2570503142101
-215.10854103042774
-552.709519299802
-301.1826553143443
-360.7988156386976
-770.5995367678378
-567.2900253437978
-479.3393047955066
-834.96144042697
-687.1259044179684
-569.4832410862641
-768.6109369228224
-170.43286710062566
-135.44521146007054
-407.27030725176763
-388.45469255092894
-965.3311617515418
-215.3872922232713
-243.4458209160334
-271.6492630055362
-254.83656350264755
-501.6386790426772
-1013.7863193702708
-141.6105173899729
-386.63172959870445
-463.4011065480139
-338.46157224930135
-617.1640533474874
-362.25028837480477
-484.0057208943223
-139.72861592217845
-289.6861118171547
-239.61548508251738
-223.33403632632945
-318.13395624490033
-733.6271618726449
-563.7671839798472
-204.34086157173036
-188.3516895702814
-668.9387782926079
-366.6744587552106
-562.3043568002744
-889.5715803612522
-378.0640167926228
-244.81243878205063
-330.8371144977113
-619.9873788755475
-279.1175167801934
-898.2988952152604
-228.78317868205662
-703.6511480484032
-235.84411894463804
-662.8088397549847
-599.2928102336374
-319.5436257043666
-756.3870592416802
-721.0567547680376
-496.8790138202403
-442.50154983807437
-295.84172056932834
-461.3454965485437
-313.5272134916345
-517.0087962382324
-825.6384344414839
-608.4764055131017
-327.23727530088144
-317.04247953361573
-654.8787956149096
-487.4431742905736
-364.0065419651376
-196.2401231737958
-638.3654162015446
-390.5686933390584
-441.4740330416726
-483.21797026953044
-275.4750833474797
-608.3786782574894
-224.04181380759667
-620.9454976144531
-449.8933960712426
-218.37515173011647
-130.4695309206736
-436.05427224243505
-119.20508497537074
-593.3323561704926
-491.3359954101231
-341.1639665046529
-127.59695632851819
-1038.3197031200352
-674.7100986488874
-307.7792968694093
-380.2974841078587
-176.43819530564733
-292.1579463636611
-171.41805384175345
-422.93116107325017
-353.70039223277166
-240.26975739793662
-372.4523147757044
-1186.3538107467934
