0.5799018011500817
1.5214103198778202
1.4520297763325014
1.1279818675521671
0.9355245060191865
1.7411930549789048
1.2230244852645247
1.4230645112829428
1.4013643277709278
0.43644683678696733
0.5532155634983655
0.7650427058625088
1.2184849476194688
1.400571241794872
0.13961359343068955
0.7100361909261527
0.6963146943341675
0.7404857630162401
0.3136121653973355
1.0318815115919218
0.9082501716049551
1.0574847792735134
0.27542136519101285
0.5456241449578453
0.6531461915276403
0.7030618228283194
0.6290759975992346
0.8174210690773612
0.5941998322753221
0.32507724378306074
0.48709450702742174
0.1660190029099418
0.7189680646607952
0.7668161498714596
0.8317732977685407
0.8384627130148735
0.12631809119820445
1.050145791830111
0.46307039603222316
0.47766316013290927
0.27114504686485996
0.5132492838253369
0.4844409730232335
0.43433460489974063
0.6861417017835759
0.8820016018732957
0.09774869437661461
0.6963883315045638
0.5699470015257923
0.4563541202226522
1.8717670748884487
0.6226579279746811
0.41219571840786234
0.5601001060310213
1.661502726277309
0.5860040415394304
0.2536632316767823
1.8409060417743943
0.4302489375041479
0.47938449141240197
0.43410490197951246
0.6444796353088713
0.05495750709295866
0.5496201994695308
0.5786608554374816
0.9857530329481051
4.175354186268668
0.4995087103385607
0.5204886979819506
0.4094144231525593
0.3572086052549726
1.3629716292902547
1.4992603362478478
1.842296954389052
0.19710755742526054
0.8024932732654341
0.6772274612554208
0.9960464052640088
0.23692430638156997
0.35752376801365404
1.4220557900648296
2.112447975887965
0.7799432987248276
0.5832436141975046
0.7489728922138689
0.4385428337952112
0.49106877826822043
0.7791213656637068
0.6756250328354819
0.7513884155108385
0.24492029448874472
0.5122304671243226
0.21159193404830726
0.33339122584888775
0.2909359213088806
0.32225128852515583
0.13012734380648902
1.0724642143190288
0.5202164614591093
0.7843764894849166
0.6282306621285633
0.17681724216125957
0.4420178331274591
0.19814980264285745
0.3499645074278108
0.471864751380165
0.46443361749015755
0.19109832545975505
0.9784398055742507
0.3638887715408992
0.6234523326944441
0.34174305549305106
0.33325899379607576
0.3782502786182339
0.6840733708574761
0.6338724137231119
1.463490487401233
0.745650784727815
0.6333431428222247
0.5817633074846269
0.8191050689754362
0.5576827401444269
0.3705011888824424
0.5954630314706642
0.48360985764621534
0.07583524459784836
0.484384757903043
0.7350607301919881
0.6546989146449801
0.7473741885463087
1.108607274567527
0.49593452911255387
0.42469209342780795
0.0983169616869123
0.5266567939480125
0.7671187249532206
0.951536861205179
0.09071408801051961
0.6751332640228651
1.4952951687610818
0.27646038570109716
1.0316492140307605
0.395016052279959
0.3465869131867848
0.11448361871540244
0.09378527741713417
0.22097725190475967
0.1829182493933783
1.0624594035131658
0.5466287186842004
0.10761321121687693
0.4404908615730129
0.1954423335414316
0.36588093880741374
0.20760711190440115
0.3973771393770832
1.4473701951860654
0.41771445024862913
0.5275784295295849
0.5344223904556348
1.1869188852662527
0.0952149493552283
0.21718755044123148
0.052801664233552405
0.8041462712767082
0.06720803000576196
0.2708265219772783
0.08239052925669911
1.0821902046592455
1.0867971009026274
0.35096157957811996
0.1961166288137395
0.26435508630977517
0.2675802879663333
0.53815921661116
0.5907078687752809
1.3017914658039114
0.13618547591636473
0.3668627653069612
0.8967477340724943
0.11004867478395043
2.1351951557525166
0.1832559937377743
0.13512185506883992
0.24121250409864003
0.24399544729214306
0.7131821060938066
0.12817468141129293
0.3017359359385741
0.16435399495010578
0.6627845777470546
0.1932544981631556
0.46223799575118796
0.11069251492296509
1.552446882886223
0.8139830237297065
0.47238716784579726
0.6909886922490885
0.5439234353073096
0.34115744841458906
0.40227425868474886
0.5598238696085204
0.10953426991952019
0.9658529015240683
0.16470325536264374
0.182640741374802
0.6263551572746121
0.48612658634235617
1.254766022236097
0.55121898521337
2.017776981467133
3.4813392000296934
0.33166694090671317
0.6025748005993358
