-3.152299721707954e-05
-3.1968733425837006e-05
-3.224309033226236e-05
-3.233013097259374e-05
-3.1961718987519316e-05
-3.135380767800566e-05
-3.11516334095277e-05
-3.1411646313960624e-05
-3.14698774941953e-05
-3.146987198230783e-05
-3.1649305365066825e-05
-3.1924408565812965e-05
-3.44346114830349e-05
-3.492159924724514e-05
-3.602285892342627e-05
-3.7365586730700455e-05
-3.779202352574284e-05
-3.740328399444853e-05
-3.6915846251874e-05
-3.6469521650916994e-05
-3.608803385564685e-05
-3.577973599337425e-05
-3.563401193680399e-05
-3.5503351640352174e-05
-3.821139498697071e-05
-3.907610114641663e-05
-4.048361555350973e-05
-4.162320641168601e-05
-4.174725009639252e-05
-4.145931606204939e-05
-4.133166059783686e-05
-4.126602574480858e-05
-4.120903985250293e-05
-4.117965946999202e-05
-4.093379321337548e-05
-4.033278058254083e-05
-3.236081551047654e-05
-3.208556257361661e-05
-3.163268006227404e-05
-3.124968762928393e-05
-3.1034151401448935e-05
-3.091454261522908e-05
-3.0901461511467776e-05
-3.089661118477194e-05
-3.106576218668833e-05
-3.1428150585305345e-05
-3.1710890047809136e-05
-3.201390964109873e-05
-4.1553269798571254e-05
-4.179307586773683e-05
-4.2249418520848005e-05
-4.2318997979225514e-05
-4.203628222728506e-05
-4.179470598281065e-05
-4.1933076669070825e-05
-4.223886486337744e-05
-4.252660557783712e-05
-4.232926995556615e-05
-4.14663265075044e-05
-4.084112927874698e-05
-3.4638951053824564e-05
-3.4517114662481734e-05
-3.455167405262958e-05
-3.497653990068498e-05
-3.569673711086444e-05
-3.6498755539555915e-05
-3.684770626575279e-05
-3.6707513780688234e-05
-3.6346812625001395e-05
-3.560516357860809e-05
-3.483938186744102e-05
-3.465192285812273e-05
-3.5109602839272776e-05
-3.5451157955769534e-05
-3.545459990674862e-05
-3.524230574280356e-05
-3.4848437774133434e-05
-3.48348873066822e-05
-3.533668786375524e-05
-3.605920130686467e-05
-3.661638016961288e-05
-3.6845798992514095e-05
-3.6910676556959135e-05
-3.6840832846647685e-05
-3.7177157397016996e-05
-3.709190998468642e-05
-3.645858644397149e-05
-3.589274027302053e-05
-3.572297978650454e-05
-3.55696393618099e-05
-3.581172385817011e-05
-3.646578147056198e-05
-3.731362142001884e-05
-3.802921027663414e-05
-3.89864759717834e-05
-3.963944885553364e-05
-2.643210956555092e-05
-2.682747130669239e-05
-2.71844911652358e-05
-2.7513388395067338e-05
-2.7590864442282592e-05
-2.736340877372845e-05
-2.7177809677557396e-05
-2.7107504142329096e-05
-2.719288939108944e-05
-2.7467013801445175e-05
-2.7681389581937776e-05
-2.7967476513893196e-05
-3.4867941163882475e-05
-3.545386136866169e-05
-3.582457427122043e-05
-3.5516013851949464e-05
-3.453057015855021e-05
-3.35316006006281e-05
-3.310257172893239e-05
-3.298563330502435e-05
-3.304767044705337e-05
-3.312693160971436e-05
-3.315761727130384e-05
-3.310977215555122e-05
