0.25309968042206943
0.35340835185902514
0.7563498234607288
1.6968640610343144
0.6093644082295735
0.04003042426440389
0.05569530410624191
0.057050362936527085
0.5737871323511566
0.05297728839799595
0.05252239844030408
3.6811123435133126
0.797907402625245
0.6001033122129954
1.336612337969319
0.4220662975760386
4.018659660069053
4.449986353772912
3.408697080313203
8.924359499765021
0.5651869849665346
3.488098318259882
0.3438977111269391
0.2549394594859281
1.5506952655940096
2.066969777422213
2.8575829336948155
0.5259961880937641
0.2054799297146179
2.5756544647989
0.6633556236886599
0.37017608260247303
0.6685084109478221
0.18834946420282414
0.3316119457897317
0.4708611221700313
0.48784968080922503
2.0940272567331526
0.35118145108202187
0.4155466435159965
0.46076777324224283
0.5768815102317127
0.904421144493571
0.7162658620052763
0.31174825095608544
0.76557679430808
0.48054063845663003
0.28567321588364364
0.521747465370171
0.04793220833895568
0.23953058211428824
0.35885079004790843
0.4524524535068722
1.0815661647713706
0.26544709532756433
1.1633681464871068
0.31967490364418405
0.8046686849017824
0.20498764948289477
0.9926150527165578
0.6724652000965877
0.42620794425524366
0.804567242400096
0.4682447418971266
0.7514931155983727
0.4912082350907479
0.4458579507432093
2.186341809855193
0.6844554982812735
0.2597632774745256
1.4207806467355617
0.524358772046306
0.11876606769407398
0.6953590526011978
0.614310091571117
0.13977847570985363
0.6506495546338495
0.24141228689919642
0.1866754166066907
0.6643878461582635
0.14397118849523502
0.2607507380323403
0.47240158318600745
0.14154195312818424
1.132510651470015
0.2461571435403579
0.5253157615329442
0.33606127971831884
0.19836094518770064
0.607618290704677
2.39076698991563
0.8433619331660925
0.13932063759489766
0.11189513055299662
4.873743823773559
0.6856919469140972
0.4089869383089799
0.2076455491501115
0.1358743917477501
3.59161772216882
0.6416943367319448
0.5969167583237269
0.23616408964295327
0.190799060555445
0.05556362540172584
0.42736798878404364
0.8792763297072022
0.23215022820873749
0.6119193982136972
0.03249744233052718
0.4077316306325893
0.07015828321423744
0.7411785645301221
0.4471041632961518
0.774798075564644
2.1006774390576166
0.7586745454941657
0.23937062097544923
1.0734487708196918
0.32385810811456955
0.543059337474583
0.548895710125368
0.3259892766556775
0.4952452816079349
0.6350888996015835
0.9661605593812557
1.0235541917726487
0.17558170212784965
0.7603067973121437
0.4127539185442203
0.20185631298087428
0.4698621837283912
0.3096440860263548
0.22436959740720866
0.13598185973731303
0.2768363304672882
0.9892294712073286
0.15903361140860445
1.1540480773424444
0.5684585323154716
0.4547709333959931
0.3093832821363502
0.3739702132556029
0.5632758280860614
0.3755395735141516
0.343614229651758
0.18444761145254038
0.3290445655253353
0.43131274351281484
1.388550447135443
0.3212794117473986
0.724979897451393
0.4160238076753733
0.28391384871582687
1.032200511399715
2.583927367016525
0.9623213143394143
0.2996292872872535
0.762325350336312
0.8843717346368617
0.8655338047809178
0.4348440065284168
1.3371176121698414
1.1806426615002517
1.5023255203415902
0.45813497872687137
0.2095160126559248
0.34560971445013405
0.5646537386091877
0.4630508466806332
0.23672055451927265
0.3941039571798245
0.42079980465717054
0.22280291593721946
0.27931139326218574
0.48939968472080453
0.445311610423406
0.9333637437068738
1.7735812891101763
0.26799291498425426
0.19751517899386042
0.5310297327261159
0.10920515800547055
1.0842182232620434
0.49682072140411815
0.4452757417769496
0.45614483828052543
0.15815690555332396
0.45170889035604483
0.5143938291102074
1.457390317641013
0.8492994851308502
0.3840059380152037
0.2201477110703842
0.47317229050180326
0.18313456624431027
0.742586741951316
0.49543451809675054
0.28010215274942024
0.8277985431450378
0.7772947726335647
1.4555000852434934
0.36478876802158905
0.1306404007522152
0.59727746320933
0.6993960066131254
0.6176001213492508
0.1224419586682274
0.1424290633437976
0.34665462559166027
0.3816762969895415
1.4945803524968124
0.6358059191061873
1.073757622136942
1.383219437516676
0.20095701943772326
0.890891869730863
0.6300132582729324
2.5083439348811747
0.42222774213821707
0.836261675593553
0.5542184754819911
0.6438045202370534
1.1886639335943674
0.6900473748774055
0.2152711825311427
0.21985256327115954
1.2605512910718273
0.6959725204424283
0.6605805154912309
0.5230704666884479
0.73772634118158
0.38710392136248406
0.37377553231654514
0.3136955909011804
0.13230255719237788
0.3324482655834406
0.40131155301125626
0.33293767841438093
1.4057490961694918
0.4819091927295828
0.84953548084913
0.51183496826541
0.13982348826254695
0.5090953675537409
1.417504512590002
0.8007696309124037
0.2136145270312262
0.9236850668602032
3.2885870115571856
0.33902343034187726
0.31685527940688446
0.17528005887726303
0.26793906666670964
0.671941195140737
0.7318887119321308
1.1778675098833864
0.2819983900344955
0.19508992628248162
0.06371250177063947
0.14831878766063267
0.3915374503679654
0.966506263403071
0.2996054076841126
0.8425340531709781
1.6400048358892576
0.3068201068267115
1.2693055159411972
0.4878868300714865
0.8639825044827922
0.682369523831905
0.07932319614402579
0.2797267303178456
1.097117632055557
0.23226856672855373
0.1573571883125083
1.5424023395082354
1.2724964870475959
1.733327190346728
0.378939082778813
0.4405493614136255
1.1549246693637243
1.022065286278421
0.9813558603213705
0.13797532365097917
0.3588080703170859
0.18084662346335703
1.044957682648185
0.11375647406670389
0.24120709779949026
0.27875702156218396
0.18897084577232634
0.8687100137562953
0.3246578533846375
0.19364881571539008
0.20202364892002
0.07417225492744278
0.229446300819091
1.1561159183399907
0.6895648615125124
0.8810368681315147
0.2895182455741516
0.6347217982332333
0.7564675458985054
0.339295536544862
0.594984578274501
0.26374006044289333
0.4241353697566201
0.16350623022766414
0.26941649812214935
0.15711476765572852
0.24766854696117607
0.1175588935009995
0.8905257260223005
0.29137802874486635
0.27567712829693564
0.8474901879027957
0.5832036779661331
0.8281206900599447
0.35508000389830235
0.5043070621896062
0.14644697021664607
0.2873670637354804
1.7190465040663316
0.8544772582211029
0.45345294279794623
0.5332563039439172
1.1120529211513404
0.4087087213217279
0.48083487289785437
1.9898427606567852
1.5924192977297618
0.13576795700446062
0.41218427008703934
0.9249188222253777
0.2622506949412116
0.49297124515110563
0.1417831489843652
0.292241636185524
0.15374515056578736
0.5915198572605881
0.531041809488613
0.5686006705064045
0.19052071811639804
1.4717014337897012
0.5231649855906261
0.9593617952678244
0.7418856834310794
1.1236762432096217
0.4484287085807709
0.09335550069154055
0.47045517774937984
0.7261304041369901
0.1449114613123998
1.8289604039129672
0.19527219381897648
0.35290641837309067
0.05326776010776315
0.47720368139596003
0.3402612402101532
0.4830372128395814
0.07914384878885619
0.22862312261950996
0.2011541762147592
0.6182372534008095
0.05836815875442587
1.0887737325678677
0.7162991814449147
0.3128672734171783
0.4740444985515075
0.6521087702917655
0.050390688567067805
0.7401437427975325
0.2733217524979778
0.47719256451313463
0.13671395341907924
1.3060016995180743
1.676708294636872
0.6810201615098281
1.0730298012072492
1.0005817500727217
0.9467294890292647
0.8042060011090088
0.5835689633589832
0.6628210727091417
0.587770956538771
0.6765224629648625
1.5676697927940713
0.9581442334326353
0.04275318529756623
0.5673621402197729
0.36180168456781825
0.632756238358418
2.265385519757701
0.3918672818217172
0.253784001794114
0.6178734710564343
0.15056666177425979
0.5592908313474096
1.08000954600558
0.3584687148085353
0.14182639420659257
0.33264075686808703
0.32906123010531707
0.7038373309928544
0.5360448223674108
0.14200718177121
1.088401963761795
0.2549560425154444
0.5840877625558649
0.399284173452817
0.0695298439836119
0.21882716248782755
0.0982247359103814
0.34422271629893697
0.3777738612711086
0.22996806915311502
1.0926246991605755
0.4228356564218445
0.3941222182600556
0.19239604795364634
0.6997960415281778
0.3009719708682163
0.9498238092091331
1.2389764026412509
0.1626379151702301
0.07845535911462728
0.243707353027476
0.23359491798903886
0.07805069182491679
0.31459344748676277
1.2466825584761247
0.6258919503245228
0.2287919991208757
0.5238825301440071
1.1627766084186006
0.21930113125992123
0.15011066585634944
0.5860634871489744
1.7197626644895712
0.5424315454710515
0.9370826108337266
0.8382058540447241
0.28095592939983227
0.6681089986783837
0.39622189706848543
0.3988499165590777
0.2450134320332382
0.284970575647779
0.23970065605760216
0.14424682336852068
0.34873419218388335
1.342572995089868
0.06669256047120788
0.7565492408258676
0.3570886343272208
0.369414260758873
0.5702931271535888
0.14027646212082376
0.42057269630033794
0.22863951458282855
0.32566334414169074
0.21715585239867136
0.12637963805176486
0.6124100316675329
0.07188570511636182
0.357062749587099
0.6058578632228099
1.3853382924366702
0.8208664616254443
0.8771612066792636
0.1710115777786454
1.0205315570118323
1.5190454777986302
0.8790954024587733
0.2611551233565997
0.30505028862124695
0.7505115944804358
0.5347212167751979
1.0682450280949223
0.5034249918609685
0.6968196227530795
0.49230724578308704
0.402494625297599
0.5944578352906676
0.15465594806778582
0.3487832163304314
0.9577273465574229
0.191646455750127
0.6305312170380353
1.4241430505156518
1.208744845168857
0.5074021928158841
0.38962368373527867
0.37237176783707343
0.5799663222695877
0.08888063647221595
0.4559710446865533
0.4305993207316239
0.6104553018411031
0.5232349756781454
0.16796151949853239
0.2983865941499703
0.10708009133179482
0.12068126543328943
0.20221801031441178
2.3102970839058936
0.33705829749593375
0.6722088776764688
0.06628471879929547
0.33872578727677777
0.10115629478178488
0.30723521932705217
1.7119426596065126
0.2730491903019853
0.41506290710486915
0.847445887030601
0.36999347715030984
0.2655423061484066
0.18300716867818462
0.21965657968464172
0.3843943790334512
0.29090511418748505
0.32977845482161333
0.24367462462029277
0.40561094161466027
0.06822710662848001
0.2640630003551759
0.343754330149396
0.5572440863588464
0.3670709726883048
0.3984097505571522
0.382598667239928
1.3197843037693564
0.9280180490875117
0.9385460694589205
0.2055590441429206
0.9352694783776766
1.3484919693654875
0.812794257902853
0.30684107547491074
1.2954816169145331
0.17726490456904204
0.1923684230890917
0.4238118756644569
0.46963462732296046
0.7274222450315772
1.2466036708930457
0.06379473982291793
0.2823612964859963
0.19408630033671345
0.5119723626667619
0.900879570201517
0.2203725679547157
0.6516523135217711
1.2029775706907535
0.6818800097136852
0.12029956019481695
1.124798906195496
0.3060534005413689
0.47590338892240935
0.20703265798379555
0.8268356783810307
0.5092077567651788
0.5004377899902315
0.22445765377143892
0.5850556103302709
1.6014739338579882
0.08064457817809718
0.4210856866759363
0.6310831809605936
0.37088931049708584
0.6949123617918641
0.5248657924281482
1.0630623346044938
0.5104833822214657
0.8862509429775284
0.19316774242026427
0.21384552399367063
0.5246785082421492
0.14003582429890257
0.492481481403788
0.12634399757457943
