3.3077802782435555
4.845629511933192
5.571258175860185
4.030865973512138
3.8811009348023195
3.8186634917134223
4.459921993418263
3.9971993169607476
5.19518168142716
4.646255199508311
4.906689491959707
3.4895808898817235
3.036704207105168
3.4957869199207687
3.219896917553329
2.8277123769310033
2.3965237980273213
2.636691296600376
2.6883787555538374
3.3344265124193244
3.8389963584954474
1.9716262509901772
1.3195544756569946
2.158449657369926
1.9824443756610373
2.7602661969478492
1.6294745789097191
1.259249744518103
1.3485317510766115
3.119408727832182
1.9957212888084774
1.445632840429014
1.0688374516321764
0.9681172901387254
1.0008046352076947
1.0277592309092105
0.8678687675299951
0.812878364148728
0.9357675521571344
0.8093913206822897
0.7312121694738237
1.2369058447216816
0.5120910912802555
0.42403058519204073
0.5777323017475691
0.6933968625140703
0.6295623987314334
0.47800563331840995
0.4299091057896893
0.46435272019348217
0.4347275942104814
0.4427456033824957
0.3304636885721657
0.34863932406608644
0.3123856058123338
0.28035702632369197
0.326350608502146
0.26823384965159014
0.26840664188848007
0.2473895717085226
0.35722948786004616
0.2898949243510019
0.3619778351646804
0.25462489331320165
0.21542467677106142
0.2054790735479
0.2952234428243678
0.22705168302931744
0.3067464846211451
0.2225057699754217
0.27760057950240935
0.3341716489124877
0.25904783133869835
0.2431448225580778
0.35262125544093575
0.22640938726562027
0.22782935791777947
0.3250548886357329
0.21659963292619858
0.29387534020521283
0.2561001569233047
0.46320651874587543
0.22506603111126142
