62.14119574035229
102.01394778171057
131.2423266997509
199.79838852197625
9.386243938396717
24.664418300244105
34.29962239990803
56.53256138465116
187.76695302644683
487.75690193548013
414.5758754704627
360.6951268047092
49.86249891382306
149.4998099187493
165.58059739679058
276.00614504980774
333.8846043889764
213.19379227948974
526.5846582980199
222.39515257105745
20.128069442375242
14.221982920554305
113.00584852794478
344.4469692150172
1981.9410777648056
605.9197148339863
109.17095986428885
389.44147324042405
67.14352284985642
82.97606747357801
263.63877975110245
20.63168491257762
159.77406655058067
441.74699846549356
376.74205075356315
382.3658619054444
343.09752480440994
203.16988807916158
181.89140988458368
546.5468680702809
262.51084972546334
615.0977117917578
2577.5589670014183
724.8612043224427
457.8924692187006
345.60398187293777
248.3836761942978
150.63428572502028
1052.4885625673626
368.75157711697466
336.5541309788646
307.6312714589006
402.73304931693053
128.63299528248768
871.3098984478269
361.34176093263443
1808.6235590641902
1768.144055221397
1068.8828145786763
495.76620825341774
2136.746581780114
1065.07488491531
570.1946197186321
1754.8661964552346
3274.8188643258204
1981.3394484918258
