1.7722947992388418
0.5123587013879471
0.019875920748605887
0.03836022724334366
0.6267829703657672
0.4762244001952355
0.021303043809180976
0.046131742915394
0.14411927664976068
0.6097196915376245
0.35158022221818874
0.03489092286491651
0.014460362128609884
0.04837504393887554
0.7898512677633898
0.027972981504486384
0.0723753578728625
0.039405099573022
0.01840080134903353
0.09071597490778074
0.24040606211046775
0.025581333137789604
0.03643530319388274
0.028872930264816916
0.022845093930742907
0.036055263649819515
0.9336573721946921
0.46111546929861724
0.039419775176758584
0.20663186969728764
0.5250584082864821
0.24139567763020447
0.11522301184442725
0.4682586938240899
0.14295039269009358
0.21725572593428102
0.13079283022117716
0.1404711479283144
0.033647495437600705
0.08188476888968114
0.21648637419441605
0.03464049474151603
0.1100369901698863
0.03258688011758572
0.09825017055895348
0.30227339653591917
0.11976377781019615
0.25694523435956934
0.022359856477605217
0.023958714727697235
0.11888975849896553
0.04647292269572624
0.21895546283653342
0.027747450491101174
0.13164100469187767
0.02093684122682304
0.016565859173483254
0.025038130058191964
0.09911875046440392
0.02982369999618972
0.02612061750820956
0.02515066244617398
0.02297702761490343
0.2242812795706598
0.028616629469996574
0.048277011137565606
0.020987335476213585
0.02031574050243692
0.40118104650859027
0.06592746840528338
0.028525237396967447
0.10777193014894036
0.3526182528948004
0.03777635190908945
0.3975388361586353
0.7587743660521263
0.03477505287966471
0.02806190967631613
0.02100238802187563
0.07358178910262729
0.04158206255952414
0.09886278645637565
0.03324692192743938
0.16120114566173016
0.02923948056369623
0.41092149016845914
0.04068798757342735
0.031152525810290068
0.532444958905152
0.23869175991285524
0.13842472620620197
0.26862082404810417
0.036193703419991986
0.06748385583255795
0.12328559248178686
1.0903717815434042
0.0460820217327887
0.01748112371372373
0.034113178833839804
0.0328676343219213
0.029142957058517792
0.2304208367892642
0.26859603294470674
0.037052650081422535
0.046533385589309695
0.3583218839076993
0.032846144494430345
0.12017595800083801
0.36757815236537805
0.04584342659917849
0.1225150563757335
0.06363628613525169
0.288721520516966
0.31642914465887684
0.031607530714786926
0.08031453425747821
0.04384608059412975
0.033142680659683656
0.042980937580360874
0.03600121201962054
0.11975521558322237
0.01099606517549116
0.22855365657470483
0.022293930858847427
0.2827682651962257
2.1118786356057857
0.034292813991782335
0.5917104498491144
0.02262186199353382
0.3131205051604443
0.01391114855368402
0.04157744957369306
0.6242814742257612
0.02862100434602727
0.13822039178428447
0.2820700886996417
0.029134601625964502
0.06315935732558924
0.2198495995028476
0.1999576741622882
0.029440436441519342
0.6307464760963069
0.040311968908052255
0.019212458629988882
0.1691327027697538
0.6376345392718602
0.053203808913952676
0.03219382598092717
0.1749623611015591
0.21845456115684453
0.03757030026679625
0.028857930495052062
0.11606884085557899
0.04712699349856857
0.06735444840795679
0.017625403246082787
0.35291698416126055
0.3367718078040353
0.47485005744683156
0.3301542613324393
0.1582916592521036
0.2923278606585344
0.03262486699808216
0.03407214458355332
0.04422448814240834
0.20410503572340177
0.02139552086377281
0.5261639826152408
0.3828890719653847
0.3868480702579264
0.3587100639167538
0.37126468677032703
0.36151385908507067
0.3622830878793916
0.44538358617271057
0.3086763968214484
0.6359775469965229
0.9782362739856164
1.0285545735580317
0.4141531381550203
0.3558896314896828
0.25355306766830077
0.7081936333822826
0.787997340574365
0.3630814837614891
0.5284938015080028
0.36402615942017175
0.1402561229743264
0.4850311569765923
0.45348894890438846
0.37487409662228366
0.4216807991219813
0.41734229897751124
0.5385179481417554
0.1486994911442016
0.7785194525465009
0.23776623689036752
1.2438435061307946
0.5366984305079934
0.3674072188703669
0.46132126687514263
0.10837968089268342
0.7010354080367448
0.6176921686599995
0.2986848512888584
0.13577529706095096
0.40331793420842993
0.95246714712181
1.5291767784803354
1.2759915335924872
0.48363499634962315
0.47320606363383405
0.227793726925154
0.46619133944129754
0.24082475350013816
0.5908564166183837
0.15229858996342535
0.531412244523424
0.28177613216464603
1.0893749313119205
0.8405787222923382
0.2793770184858793
1.5362652244529218
0.3363585092829913
0.7531719954894615
0.2913306230756767
0.5294305692419191
0.2969917520635784
0.4466942203439428
0.6722235803502299
0.1187432879966334
0.33695643606269055
0.8093911654615752
0.30153426501713865
0.1026998926040675
0.33186646947076237
0.4569909420963548
0.6277354346044979
0.2799554039681363
0.7797837348804335
0.6597448758319343
0.5239402358053046
1.1189040745692898
0.20594330784370535
1.1580045390243816
0.7362879241681057
0.5972828804630399
0.9059648208129081
0.3980038379056771
0.249918548051366
0.4243265136773971
0.6040136307311803
0.4513405677933927
1.0581486572986678
0.4540357262365937
0.7391523864547964
0.4095289852144473
0.328941186379643
0.1330551210081235
0.5656448597502892
0.42439578796140587
0.34670748423683123
0.3204743337607995
0.8750025410562853
0.6451489819291029
0.3003466756463467
0.15156706318410942
0.5105110152454191
1.2477173195007683
0.20579252451547644
0.4034109180505138
1.3013850723016167
0.1886534762663234
0.6226705327766202
0.1515654799899124
0.3632040785483139
0.4841772728850073
0.38921284911872045
0.26999424471190014
0.49336514478380294
0.19538448813818363
0.5825394474481042
1.3108533040807417
0.33940970226843636
0.8176059559128472
0.6663097370672395
0.22714657304148542
0.5445045229271764
0.8023095139846341
0.4195865083470299
0.17568622680876195
0.13479179628665422
0.10027978470121554
0.13784775174119218
0.26595741848086557
0.32703542207355774
0.5661263633265182
0.8023694828355935
0.4678163783582568
0.19816724093755972
0.06337075147803052
0.12357275231898822
0.21073696609140455
1.5920604429057728
0.76971461911991
0.24640197509741343
0.40884935077217205
0.6298886543659865
0.3078297500159961
0.5649090390776151
0.6254860363850637
0.45106585324390447
0.72251567413951
0.7205812231664123
0.6342340938505338
0.30428342612245635
0.9564531692739972
0.15562159250458463
0.4393240149097722
0.39911085562901516
0.22852137118685142
0.29533906645997826
0.5631600616015544
0.553453778231099
0.5474939543214743
0.6082071813186396
0.26872000461035106
0.8511583396491003
1.4520930660387836
0.47214869332278375
1.4019308507377353
0.08477466949192393
0.22129948937430324
0.8028381482196374
0.41841931679967775
0.22641594364437068
0.30303197783201274
0.8077584993456242
1.0160506302709913
0.4441664282306756
0.42146470733262864
0.7374677477742384
0.48548787449887454
0.8663954524254177
0.8893626434916951
0.24482015746795902
0.39716072615956316
0.6534496417600493
0.7182958190859486
0.5214634090350986
0.19817953479532183
0.3173189646563727
0.7611777219485003
0.3534227181795182
0.9613505461974262
1.4544933655980514
0.17849845402006684
0.4017907961662917
0.5085800401004738
0.46862464123344927
0.24471406643375787
1.110030815239585
0.46804720513389486
1.4278873655591722
0.7247760183979035
0.34342782374940795
0.8033922786835681
0.9625686527307665
1.109524901032383
0.4324641359033988
0.2884219979015776
0.27965230405563896
0.641243177160395
0.2535662925112302
0.5061344560872585
0.605403777439442
0.3535427713249272
0.22210172645419962
0.5548561707889696
0.43964028390016846
1.1891029623681506
0.3638681336652362
0.343451582709827
0.5592029410823108
0.43639658787377755
0.28505962705174476
0.7498376522375436
0.3356711856517333
0.41204890792738846
0.28900082794523396
0.8395159386513286
0.30570248718349374
0.19049927069878542
0.21963907613946085
0.3523057568534723
0.2360104698456744
0.8499938509294137
0.3453897481420194
0.38317642706379496
0.5765611190804815
1.0300990710290499
0.641944263480466
0.22823238793674475
0.3544883522678148
0.27910812916151495
0.691346344932923
0.5731307784088392
0.5098988429725977
0.7288467927447922
0.20780454447815402
0.3838970730008052
0.7496352604406743
0.33992922371019463
0.4828220030994654
0.10060252733875473
0.8241795522838481
0.7184214729954201
0.3886122174388845
0.3246568725647311
0.12046644515789638
0.4574749690341451
0.8880284508967295
0.5179450998140412
0.26272151825976375
0.9079859569841304
0.5682116386149049
0.7069825683476922
0.4326088887631187
0.43958459397723104
0.5623634283668519
0.39376835792587767
0.6910102951256248
0.5617886122723952
0.7460812202221537
0.5146207369089454
0.36329980398110934
0.6936545112533387
0.12867764539192275
0.7155283631982319
0.35886137437122834
1.6187250622648128
1.0417009840758142
0.34115942715319203
1.5293571514675208
0.1429421325476524
0.4809153644860704
0.13979617359139784
0.2811627131024021
0.7202328041104122
0.7791439622083907
0.47179827563315996
0.3958619573475433
0.21968416290167508
0.43390099134436194
0.7627650889079892
0.10466617244528544
0.8435704912146365
0.24523552909807783
0.20706534130488574
0.3927369066444702
0.2534613080930486
0.3286515169979902
0.3333005279410616
0.6514874638389246
0.38179047814797273
1.5016578170065566
0.3452603761575644
0.5154145340260049
0.2342837671793064
0.5360996363135713
0.48992387553235206
0.3622853829065596
0.7963448499413169
0.32056572919921783
1.3594048812375514
0.28786910929168724
0.5834260324008967
1.0303041718096497
0.18979455033293496
0.8268206269044205
0.40145695710146884
0.49011383267288744
0.14936561688332803
0.4455588603352081
0.5153102457795299
0.7790702942846697
0.1829128082692654
0.15841481090608608
0.5034474931382326
0.6826411494220803
0.48944065250205665
0.25362442769902804
0.5400395295835018
0.30193713007368966
0.2796185011483643
0.15439866090410517
0.3846197549633413
0.20250496477513616
0.5875207811195217
1.0051721463130618
0.39297688090911304
0.33979635263617697
0.22692314687738913
0.2889500588717157
0.4060374435090467
1.413026112464958
0.3717378082022692
0.4676956248421278
0.5167232467933771
0.604567391150005
0.28978434253166185
0.95121295589459
0.8391931660165092
0.6731209527287145
0.4542296973042678
0.66134512676155
0.5283626787697056
0.43992387465201094
0.20267571199952578
0.3940783657235677
0.30429383942235894
0.1313191436172057
0.5494315787224318
0.5775894188031271
0.6991906951940251
0.5946470090388337
1.2560239755147296
1.3951577946949438
0.26053767581727244
0.32416340342020644
0.281028912049241
1.0560180601196327
0.3679285705533731
0.6513553933819095
1.0572254526606766
0.07194539364290951
0.3100656836412429
0.26109728274972366
0.36989019082667174
0.3028988238945267
0.491878810503715
0.6424392082320068
0.6944591468482615
0.20440792034286753
0.6696407318905736
0.4797506813956302
1.3438932362446638
0.28008005316882173
0.25965472618497465
0.7339061879066197
0.4586895004396595
0.25243779413459017
0.4516840786077557
0.4163533888553738
0.27449930945352036
0.9163027188353636
0.1678872368228827
0.09517602231505276
0.8588075880961705
0.15869012183512196
0.3563140803408761
0.05143384957227015
0.5624437582386307
0.13734319231456388
0.1905009781447296
0.5409644658502659
0.3007106609284367
0.4674196262720187
0.05034082608882021
0.9747698106120564
1.0565594913678424
0.2732385187285934
0.5228380915796913
0.13584376881731278
0.8335536227346351
