0.7753942441190266
0.6008609878886395
0.34700896565576667
1.1698812235280198
0.10238574433487688
0.36899802042348856
0.7251461513776231
0.6884951378358013
0.23726417416996207
0.8724079713319769
0.03838985639699842
0.04426522782188741
0.04175263061724687
0.050999142838886555
0.29454962115684424
0.043432994617754045
0.18490068640685872
0.12613326329176855
0.05970739723266484
0.15147886835056626
0.04543202324091193
0.06865328731074428
1.314823955015263
0.02301529292018155
0.033717234080989186
0.047805826549388655
0.040061952565123835
0.0777903556320424
0.24959874862541975
0.08003564592844967
0.060874055117702885
0.0768858503791304
0.30032490141227464
0.06813049382158148
0.5253084546027708
0.04411812535031275
0.35609941594228706
0.17055329619787424
0.050904002296769654
0.0647815320986687
0.04829932211902989
0.25490207097859446
0.047378648660646776
0.331005994836339
0.08484037679368717
0.6993596361559827
0.02524102005544253
0.056374694923543606
0.05679161191305323
0.49455535347709934
0.1995350034592015
0.07477027546701845
0.09190319203772791
0.10996217436747849
0.2422223927109396
0.044695265855736806
0.24866162564670238
0.1005958945652217
0.3600383391007783
0.12156488795554705
0.05605373243525655
0.04258365398112337
0.12215961444940121
0.04637001224097251
0.44829563298088154
0.03951745382371498
0.04953834306680181
0.040766287279606295
0.04852187734897115
0.18147986600802002
0.061374979236340416
0.36084437440203193
0.11021129054761941
0.05977222609031919
1.49442563421664
0.9291445594066275
0.06571931787885069
0.06520728789036154
0.0652328455380747
0.046037070160199194
0.04033478548055809
0.0398534641568463
0.04271819045790286
0.050680135470271094
0.026197578586768865
0.41243412769104054
0.031628906264444215
0.15201011780775744
0.10473878561788315
0.052141853201191316
0.5080489876504664
0.20244343998148803
0.41291493319083056
0.10250368634072335
0.05874635271330096
0.06451395910051513
0.20515180824770618
0.7037221349464444
0.22545317160018336
0.05437979458710937
0.05608863002238798
0.04645671057027882
0.9769909184644864
0.05468437550347083
0.5949185903767527
0.23144510255231368
0.08623535655678888
0.20009066337779197
0.14578609450252972
0.25071179113280995
0.068563901414801
0.04165279135913371
0.5682403971809423
0.049941115831148165
0.18099251551015644
0.035338104477693415
0.06481263374036363
0.07396697847667152
0.027624403139843524
0.20422876264071638
0.5468890540300566
0.055961134223522696
0.049113076155327375
0.10870476059589979
1.4884195986638282
0.4687520241174568
0.6524123971888917
0.05353805918251049
0.035472674958496715
0.04295763303576338
0.1264979299654943
0.03909928676741997
0.5476873880103211
1.126045678588726
0.12099964729493615
0.08352572104413848
0.07758750209712337
0.5988628859869172
0.05166320847378704
0.04360781009643622
0.07494303016995923
0.05075824063719817
0.47070540428678265
0.056055892861329316
0.15809472041833317
0.051835296699463275
0.08510612896512418
0.04252448023204429
0.07516760053022656
0.06083151456519531
0.04127257926038888
0.033932067910045154
0.10543069319571165
0.7171781356852018
0.7102386658603547
0.07486072072706143
1.066170314307147
0.2759441545662993
1.1221279418273455
0.6622333144944869
0.03841640620547698
0.04393436622635357
0.05043815050868674
0.04350312246860972
0.02346356982056947
0.20744097372359907
0.6456407607908471
0.2751580907195183
0.5303839472257093
0.030451873265546225
0.9456150780477398
0.05596398078117607
0.05448267095944276
0.20037888158734676
0.06495314938842908
0.18308000069515865
0.3783661466098347
0.43927016322392665
0.43352773590315785
0.06270941526147428
0.1333054371863394
0.11717884197290498
0.05078487971760324
0.035712770180937374
0.33844734780984537
0.05297911813176392
0.02184373704329942
0.1391618768820451
0.023211532213939456
0.10578123682713748
0.19843867940928517
0.9306449145128318
0.10627891445937326
0.04536591789189557
0.038070744253647634
0.050194294240876625
0.3874554153380592
0.03100552689576964
0.028716792871679508
0.03393801961551955
0.44935910856550926
0.03582577218891259
0.030210900577157893
0.08503053472762577
0.33262210280821786
0.5312132817550305
1.351549949180767
0.041406969268885145
0.04216136284583915
0.083477347546774
0.12134226974409403
0.12434638899487535
0.5954082784873591
0.038650378808728916
0.09948236601957176
0.04267593976825954
0.20154510600719763
0.0453360682553286
0.039145687933697416
0.051939103409786025
0.08621849542909851
0.042391778764440405
0.3498361960312116
0.05465290407974488
0.08482600196622264
0.05693559173186425
0.0719406740583258
0.023005913852299973
1.0436034530790947
0.15100781544367503
1.3282205619813903
0.03666964458158395
0.0639472635158245
0.07994874411427741
0.06500142768144451
0.13273444424460557
0.03810946582620307
0.3458844874997367
0.04884021748400579
0.1833292496222212
0.2582230185441563
0.18064378245351068
0.18129390631893902
0.05825301430950396
0.3953120326409386
0.1467839118452751
0.5609710374958321
0.09136475192957412
0.05155340909307042
0.0597769377907303
0.04459030527716559
0.9372694189401738
0.38937194262912794
1.5535829284271765
1.2124730745600985
1.2214969325984186
0.2289805974458962
1.199813127418817
1.2042415498261572
1.0170242276500276
0.8324571851534779
1.3546403269402059
1.0984731448142173
1.2553654009704525
0.9175442682441142
0.7337377609860934
0.7326402369086081
0.7036846986002739
1.078750798224817
0.5142830398185717
1.1229780178355115
0.8872328269336183
0.8501272306247536
1.381080665750448
1.4308082623242997
1.4979267056224208
0.7087073234969857
0.6644765964460648
0.9370012207925005
1.03584939783924
0.7957776157529891
1.1141039702162077
0.9929545899368232
0.8326825768085828
0.7764913759014693
1.452440086463924
0.9567234685227883
0.9780250133557278
1.3897915576219488
1.265739322397636
1.5605880134411132
0.6336594364118214
1.4240373887972082
1.1206825375942862
0.8308513333221693
1.0543115721870877
0.8583152815105981
1.033350066711662
0.9114079046960554
1.3765726198045256
1.5060582348188285
