-567.8409107320747
-959.7712472079068
-514.9842316608006
-1785.3165262079315
-69.15622156177952
-1527.145529540338
-534.4084532815405
-1896.8237391113898
-2012.9551977440442
-1228.2711196819241
-2077.2926408078124
-2408.2297934567473
-1594.114707770133
-1017.6985672810557
-216.9956345448966
-658.404551679333
-2685.465058573967
-101.08473454054851
-1417.376252566917
-369.1457210535152
-272.8690831502065
-847.7511569941643
-650.8088288949283
-254.71722498912402
-593.6344680346803
-843.7492820409033
-1100.965777476115
-1417.6020094213404
-1290.326296712708
-689.4752278415746
-263.809292042578
-669.2815518128516
-831.1774034885959
-1332.5592819561919
-2579.0163467631232
-100.58160943159533
-833.2854016631838
-372.8082913686967
-191.04227121136063
-883.6522753495622
-285.97018203907976
-935.6695556443223
-1526.8141625889725
-454.0596430859938
-2138.406596142192
-426.2250368537357
-639.8946048719738
-1212.6137995115985
-534.710549335342
-1093.8736996697212
-657.4227298220012
-201.60123387663492
-159.8490489202567
-202.4605895196936
-337.0966426782371
-449.42864047766517
-2823.786621748507
-83.36968369424869
-684.7480378067926
-426.82358175465856
-642.5027776055031
-286.0256568918612
-503.9430913612807
-88.88132822317195
-1109.7386031503424
-519.2830569872982
-807.6315611562558
-1795.9719614869036
-2159.0071422960236
-2421.2270923134206
-1704.5890106343213
-301.17394808976303
-2150.075390556651
-463.9765271547634
-363.148893475613
-1727.9500186566393
-741.3880969435726
-1645.8831994286372
-1018.9656228089663
-271.46438205564834
-698.625708640703
-534.4020099637381
-816.1265246952105
-185.15962041432257
-2342.5612715367156
-485.0576976121915
-496.6712556857756
-1747.511357833352
-1369.9162504491724
-2092.796265042603
-1068.1150141537917
-1315.9771317484285
-658.8918054368781
-438.4637952535894
-471.45242564016183
-1671.684553455472
-2053.3844905916244
-1079.7338539335358
-829.5959038176338
-2054.525495170456
-1125.1660713441327
-457.08251933140525
-1331.2999174841475
-223.8222242112677
-2277.3773306682137
-1144.1014143172638
-1460.83191388604
-1692.583146263853
-1853.8670976015815
-1129.1928125512754
-269.55642430575153
-2034.7575909260775
-1087.0294524736346
-562.9025531571218
-817.037301935278
-205.07704937488415
-1054.9728487501811
-309.72246486544316
-345.7247427761548
-943.7990994613
-958.2532737774985
-2908.417977779924
-2174.8772874392175
-2520.7495472848145
-67.57878041959657
-687.2010387625626
-873.7011785936571
-1273.63345999695
-791.3152394904088
-565.1657553129218
-1985.0787729502108
-1069.3543287340624
-1787.7275187268551
-1161.1740769613796
-355.39217576139276
-1544.7447211800384
-581.5021413470658
-1454.387326055776
-2048.643192534473
-1021.856417559027
-1702.7762423376566
-173.70617369308027
-980.7539179268373
-1003.3575341141491
-1273.6742569738528
-94.39444475296048
-2577.14894730531
-1814.5556164119967
-2543.5700165822964
-1807.0949176379697
-1931.8323695357553
-280.00842096272527
-283.9760897088032
-410.8581512889213
-1111.4085891833433
-123.10842507120114
-1750.7163849519673
-290.02828699256924
-2905.415104684235
-2611.8631653238413
-893.2173332588169
-1918.9733252265405
-437.83668985295753
-1716.2227427465416
-1342.871382698173
-576.8016886142382
-1977.906295706006
-589.5366703834335
-2241.5671589532317
-86.60391580636531
-364.36845830622883
-648.2738245815581
-2817.3794309650543
-746.8350309009203
-1498.8183183519366
-413.3701267152419
-1336.5389643986352
-506.1216936927606
-936.548497347997
-263.39244769038316
-274.8071995010606
-742.4488605437487
-61.31682429621638
-614.4564528841892
-1756.1829437404735
-1266.792187111184
-2072.775672810808
-829.6244020496985
-1088.1318434165528
-317.1753398091522
-2502.603770397139
-922.241343108749
-2982.4453635757577
-1477.854055449665
-87.05169434491029
-709.0084780887516
-2390.369845029855
-2480.4347385984506
-1798.2425992707972
-2048.242631883722
-300.7209994850672
-1759.2779696177893
-528.7330635061771
-406.4400220678415
-759.4002802390874
-2453.383105591575
-270.57089101805894
-992.4865207746893
-340.85000137880877
-210.0947103876056
-437.1464592782122
-1604.601289823633
-1628.5243655088898
-1273.1551906985349
-920.92891355199
-1031.15029291747
-535.754847121568
-480.82913923297514
-1932.1661033557996
-1532.2676863046834
-1686.387626161334
-540.5313198511778
-1732.379149451938
-180.09356890271002
-701.1940216287026
-239.10264219281615
-2797.6551651536065
-465.37960768143023
-643.9409066200511
-1536.3083182714695
-95.91599481395929
-550.2817941691745
-846.0111807912828
-687.316311572265
-614.3484500005331
-1186.784104403124
-893.8213228462178
-644.2167304483992
-956.4456427346993
-90.22268483619393
-207.42375557028717
-692.8435307901215
-478.3495880389082
-2014.4766532635938
-1360.1129116600596
-1728.4627528337535
-2154.500677045975
-886.6780833342734
-234.98704219056455
-400.37479710352045
-982.0041358200075
-2300.2528323340207
-626.4843933694096
-574.7675049572678
-1033.1726879280588
-391.4430150757794
-409.43425042328596
-578.8689714375416
-761.9192738560333
-595.0614927913487
-1109.4160588706509
-1866.6833532359003
-131.1868139529985
-1898.9602792432127
-270.06631270330536
-1784.4908005325265
-2170.9212671884447
-81.12420781738777
-2347.168247568823
-2014.9650606210678
-155.87459307091126
-1459.8460717058379
-1852.5548738885905
-27.866523964115487
-1658.7815879672485
-1609.7128430715704
-1335.1070755143767
-736.9787172049666
-676.4344457958587
-1644.9996305448299
-151.2522462002766
-2404.1519695954953
-1506.7952194748786
-1563.974050815099
-1246.1087936978238
-134.11960522593353
-761.4242452171674
-2001.8612632714637
-1172.857165818345
-1019.124281279265
-506.86492282331034
-282.96312443307534
-1581.150562793408
-124.91526551850603
-2248.93628870521
-1314.4215287693578
-1481.2782900286725
-1569.0752801098392
-589.3466489390923
-1179.0581493168786
-232.0638784274987
-636.1865244612113
-906.1502605919568
-1475.1230256458205
-36.920118358168
-1322.515972559026
-457.70095487089
-1717.4697284675574
-1527.0786599335008
-120.66722599663245
-543.8485296968514
-374.21978462151435
-890.2559832933757
-2019.7495100792873
-1839.265581402082
-1345.5841826419437
-2510.3965392337614
-1470.8174088230373
-1013.8251686589721
-896.1560173257712
-502.88040990963134
-208.14925632541838
-782.0607942023681
-1558.5527359522464
-1715.4756164407456
-1464.78547638471
-1185.441830349948
-2195.853186223383
-2452.0377994909763
-437.0763376400759
-485.7790387196781
-2078.0688919479494
-538.3681514853141
-459.34975211388394
-1202.3311232239812
-2038.2551290752483
-177.22088155002388
-236.41151603128765
-801.5982067338084
-1026.9794185796522
-56.829033282146185
-2317.178788646497
-1166.6736837209353
-124.94919128218052
-242.5880836029261
-2561.5101088044985
-1790.0227137180855
-1007.0169022141904
-147.7874379725473
-1669.9004990131762
-546.5291787231221
-1939.8261264995633
-1210.7854196057501
-1559.995874999956
-158.45434204943768
-2014.838688071081
-458.6686704538496
-623.6866694144918
-169.05675615043015
-827.7432526063533
-1078.0508649032856
-353.68798815456796
-375.7551043171035
-856.9831980134275
-62.985087276792825
-526.5878760080095
-184.172005811626
-137.08148880985553
-1655.3428308530601
-2220.685587557247
-763.0959279825561
-2542.4960734973984
-2511.700602194833
-1946.0751347169814
-195.15785901998152
-2132.8497254955255
-600.2978686390098
-1450.9948614653317
-527.1254925664872
-1224.684718414429
-448.28012875446325
-630.058436276028
-1551.483596611581
-639.3978065919838
-698.6741632178403
-999.5218713565904
-879.5615494163824
-551.2029708994799
-1258.4149448057237
-684.8469915601657
-805.6134034820358
-637.3698568096864
-1784.5828566437342
-1399.6645408404
-2091.6632705339653
-1471.3957134674513
-312.80495276436443
-2147.671064078481
-413.7726594305178
-1023.1095375014991
-456.7607121311443
-1806.8236968195624
-963.3736324370835
-721.7647807863585
-102.80794574218805
-998.1137022657731
-152.57651329823506
-935.584089806757
-1337.5445861572614
-2018.1311848014316
-1033.110878618705
-82.86194171922412
-273.0823665343346
-971.050266544823
-1687.2850750750729
-3836.489428324485
-2144.895347488908
-2756.930476332809
-1126.317585517408
-1654.396444446411
-555.3832764477365
-1193.5221370764182
-1028.7405672133657
-1562.1364419632314
-1705.7001392374325
-342.48655160116084
-1693.4961300286943
-147.86958921951052
-1533.157299741716
-583.9830469488971
-967.3151796784153
-330.8775703472993
-259.20479983761265
-356.1154277229234
-1468.95958020106
-940.1309601536951
-1698.1194247680749
-2004.682692303538
-879.5356089990775
-2025.9428408815338
-785.6867987328484
-752.1375235138801
-1687.6723228644191
-2108.9345967226045
-915.8819107720627
-2506.368641600181
-578.7515478430164
-1974.0495778716966
-1447.630199837624
-328.5151145291385
-978.9474000768612
-2004.729995552573
-110.38368031337936
-876.3110037961969
-1184.5194545065533
-691.2970120169241
-1607.299931198122
-267.43627157485366
-2552.6027414646696
-261.2530651028686
-1067.6614114137417
-2248.34585567697
-1082.474338812804
-336.5246446291481
-2651.7937328443054
-83.20846871001598
-1706.9536918017616
-486.3726862868326
-1075.2134927239315
-1643.4717551984518
-820.4936053868853
-296.1033283292618
-1156.695563496318
-1543.1731006369444
-618.9723176358694
-2176.037882683166
-1102.413034647519
-389.1472254730883
-474.280331594971
-1505.6752080922813
-768.58637825508
-115.55463993427165
-1421.3186804151167
-1337.9052585016311
-1212.7497947262711
-717.5874129276331
-1360.0362477632893
-1439.6078428614912
-985.5361864164092
-1259.209452154682
-907.3710506732766
-1695.7759033697225
-1588.2393092565542
-2151.5251157922585
-2920.607119170708
-2210.2538675197025
-2311.5192414071003
-94.31340002718943
-505.63424134922633
-829.7891287860476
-543.9395987232383
-735.207087752071
-691.024160276479
-715.5902022818277
-2663.0936042249723
-1888.4135956473315
-257.2137048413948
-1454.9269304903382
-582.8382293109019
-627.4889003637996
-503.626196625127
-414.25034859901507
-398.27002978815625
-1616.3597129377547
-2509.1365231631075
-1271.013559657217
-112.23029660357801
-2224.202334584237
-721.356340422857
-2357.4392980851408
-771.4012633097836
-545.4699789818562
-2927.9675957283366
-855.247063556905
-795.0625609919498
-400.4393051544745
-484.4724377243698
-46.70525202003773
-1050.3884054391285
-423.6631244049167
-379.45556585338034
-972.2462337771142
-2692.9673887523927
-2176.9939128501424
-58.53889162068495
-1964.367789556129
-2660.4732237692006
-1004.317117464051
-1426.3700240252579
-742.3440784274508
-1570.219587374199
-1145.6330091258299
-1474.1953205393215
-1588.5485950394655
-1034.08501083662
-1359.1364887540071
-774.1567823973754
-1428.9599874228397
-1519.7500933241947
-1153.5078091259295
-356.7887518188945
-694.9981734981359
-1126.1942433301083
-495.56606042776025
-937.2507881668838
-448.0500689444093
-1631.6193568065348
-67.39516114151075
-993.3628774986765
-677.7265165780118
-97.74632277626426
-1845.9048615129905
-1583.594455866938
-436.94175957145774
-1185.5654999938943
-193.0956913584357
-165.2548206166305
-131.02162706016142
-2398.227609929834
-772.3905429321514
-1963.1961478134422
-878.237954645924
-503.93140182731986
-34.978563108074724
-697.9449467298546
-516.2168406677183
-1923.3132058061096
-519.7480092576196
-183.19416503554686
-474.98652058431685
-881.4712292052365
-884.5181125619104
-658.2576975520547
-463.5495121242359
-225.44807045857553
-266.1772643045962
-2137.1802978548644
-795.2402354305043
-392.0405330367654
-592.8853346939542
-308.5818217970983
-168.84036074083463
-791.1822535600411
-210.0746895531168
-2419.140010263109
-2420.894838079988
-645.9690400048373
-2195.4553755150732
-3434.1598498634326
-2786.954387093269
-815.8645118315005
-171.03774931482144
-395.26538039267626
-808.9037805703751
-135.80510738426008
-616.6720522800067
-710.3535380557925
-752.0736471992702
-1462.4711455175645
-419.06792825599837
-2018.1435488529742
-188.34636456711186
-599.0084097280206
-2312.6117852757884
-2301.64338037902
-1038.1438766424683
-248.38730513415015
-1788.377972763249
-1830.3500619038778
-1669.1075370570159
-188.22143831899302
-1064.3584471489878
-95.55664819041041
-438.5474279515845
-1551.2467539283484
-75.67046096103061
-917.0753287303971
-192.51910974861943
-1333.9472105054751
-2129.088221402157
-1184.0421126592953
-831.9865066053492
-780.290405344606
-1534.2152167487716
-572.7559053489912
-1373.2914649470351
-193.44020313537249
-462.2451578635
-1340.7441733404844
-482.880014636488
-3595.819164454872
-2854.4317561685652
-1185.150189168511
-892.1940361481959
-2874.805364568504
-1023.8097961147541
-1942.97389274691
-252.55737285692805
-1699.2109694048788
-2007.4602587171055
-280.2494382285081
-579.9668082588086
-1343.4796422459688
-2271.165931013523
-1870.094355327127
-2164.677458837773
-1383.2472051730583
-1599.4329526248112
-583.0489658790132
-490.70923074361315
-159.0261532727125
-553.5656523478041
-2050.431792798691
-1678.6981882996497
-757.9904056717165
-1054.3992949220672
-933.0791016579428
-1662.0419147257933
-1689.0052408509862
-1491.3523883797043
-906.3428743197171
-688.883650661202
-3177.1143580832995
-2667.1985288479455
-2004.8164296958
-91.24341742635684
-111.68421690834057
-592.543105266843
-1666.989808578544
-1119.5063413759242
-373.1068557371708
-113.99146473090693
-796.0921914201149
-622.7904289866265
-865.0995938720953
-526.0933220384514
-918.9461863327524
-2151.473125324231
-1498.2914038658819
-509.4543169080034
-2438.412612728818
-790.4585759053678
-273.45255148496983
-1732.4987657256147
-152.0923761403182
-1117.9500717031208
-3635.7034679325966
-1399.4631165719436
-1032.491854895343
-593.3368123986903
-551.9345351611541
-3486.891348303151
-137.2896519959273
-180.43109005418847
-1202.7813529382433
-2608.460833801225
-1871.6720562246335
-775.4660892083863
-71.94875867803367
-1217.4613097411911
-2066.7288371435475
-1266.579632755865
-1475.4324507130964
-1314.3571847842913
-512.9250263497747
-1542.1758465738997
-589.7678972097435
-570.6595394648369
-920.5381243075719
-2824.531518320307
-1150.5044721628706
-411.72394734548914
-1567.2097047283423
-2030.9568034551917
-1042.446162818552
-586.7257517128877
-1516.46305368416
-2127.4721923644333
-1872.3188931137588
-635.9124168781714
-375.4115666351639
-852.4596232586836
-1247.6267150916121
-2269.2103872092202
-651.7446858964117
-773.4011854294502
-407.0478228152146
-1305.7065183485802
-2394.5192030858893
-764.5433123963352
-1071.3360867861247
-1358.3998946018999
-419.94000068398117
-1513.4220443812046
-378.42340457135214
-1762.8019908928168
-990.6884543895947
-66.06794026781421
-2218.205617073691
-923.9721224223288
-300.7793800093285
-1423.0404031593087
-1987.8188474364733
-241.86165278156946
-2124.634016776562
-2283.6604453249315
-1899.2106640628667
-1580.2492983843688
-1551.5509558691451
-392.69124866884397
-164.88878112250117
-756.2081852406476
-745.7374666142248
-605.1851667242362
-804.7344433843723
-2155.8048573943784
-622.357863075947
-319.23629039301784
-275.46032288122115
-935.1522714779169
-1051.5603472032794
-618.6072319024893
-108.77155244126044
-409.6463426034684
-1918.4167324448772
-156.73368981744852
-2747.9036726180348
-2474.6871632966863
-343.5670893421631
-1433.7458181883853
-835.4634553188059
-1470.684958768069
-277.0538406685797
-134.51161030427525
-2150.9597804697783
-833.7597921228274
-762.4058715799565
-890.5303306993703
-1261.0318461116592
-108.87320725275305
-131.09264928013113
-2557.037168427604
-146.33789624053992
-319.58081106575423
-76.51257627736098
-176.38095227608
-544.5559039888484
-1374.1847256373972
-565.0748199784017
-211.00087100583954
-1841.797545628262
-53.209783911955526
-2329.4787309069197
-867.2977795481853
-1788.3893227587673
-666.5567393866245
-1490.2084566504377
-622.5166731788618
-935.6309353769308
-1725.342829666413
-948.5044730897746
-1253.813216156202
-2076.7397209181104
-1587.7054069960086
-1149.517711897887
-563.5243634698545
-510.51126030757206
-1319.299471354673
-166.94409522906182
-498.42312885847434
-713.0321251068476
-2200.458082061429
-1234.273711324098
-1644.785751677588
-1037.9933286932232
-347.3054855826691
-763.2810995509965
-606.725407941881
-520.0805945554926
-19.790041914811724
-1932.2649889491797
-561.0282970738601
-261.9621744891522
-661.0862462397748
-1802.2823449392645
-342.0752418627526
-205.87682873028265
-2403.693121475179
-2114.102986661962
-496.834872504749
-2741.8374161372017
-555.5222870819812
-1696.9218059596078
-2324.9609397710547
-1398.1503400487597
-1427.2084327210623
-1471.0117422054086
-1565.7067540075307
-1177.7848138598729
-1160.6495689263083
-536.1233670768185
-1792.3482631205497
-1492.4667892317516
-2690.7946073414446
-621.4514699969895
-657.9185011277643
-866.772028007286
-1592.4985185037908
-332.62453290181463
-941.8043959796094
-1048.9508233557385
-345.42207617772704
-1075.9841438803803
-2134.4584519479313
-2186.4110362048045
-238.9822084842244
-1625.0892822050066
-1691.5480472739948
-1634.4900010406218
-675.3578776829971
-884.9625774810901
-1183.982130029854
-2948.5037261754705
-354.58012633644137
-266.61607643169407
-1906.1985480979042
-13.628574558029726
-1512.0687634766375
-2367.9051850725
-735.3053671822342
-1263.8824034325328
-578.6924830757944
-980.3866870470471
-490.89758768105753
-1542.6564855590814
-2691.1160288427127
-1641.7694838461168
-456.1504407105623
-729.4911716615295
-2469.0992197467795
-1518.5047932993957
-1456.9048379022993
-435.48882260427774
-193.32042063903492
-583.5452217093786
-1741.7387344095366
-2047.572931580674
-1456.9176828868299
-2536.633438610149
-2401.8579354436124
-1316.6972226136975
-2310.488978637599
-743.625570781445
-400.68647318410194
-1227.4693196580554
-177.63998722817482
-288.14767598494257
-654.1401312236286
-1413.7664005733322
-280.7949975956009
-810.3076556864952
-949.5851835538942
-909.0811539973729
-2038.197946031297
-1147.339126370836
-1802.608470911154
-1564.9353141872339
-877.7063397975021
-1939.4993283231934
-601.423793395773
-257.91147114888327
-956.6442328993635
-786.8906106296088
-781.3652892016818
-387.29636810700094
-1887.9469970360026
-1315.5251133207037
-625.2418972817532
-539.8250987301474
-1040.7342404459332
-523.248854874717
-2627.324898836004
-1882.9568607083681
-990.9641208157277
-676.0124249754108
-539.7828726598524
-1539.839605336739
-3447.688633607027
-72.09079470425172
-1412.6835065951757
-2093.8711632120003
-3150.7661240998023
-2021.54278172117
-1644.0376661701134
-438.2533388438684
-1040.4180331882235
-2395.762969259914
-2288.5360982529132
-2113.037456364374
-1071.8412801507668
-1848.766405002217
-90.3291824105756
-931.9024834346569
-2055.0136026122336
-132.23713884007944
-1288.761495361168
-1071.9142207189475
-1115.8085416055633
-424.9401825624284
-1820.4777960690913
-51.26615746375421
-1713.8024082111294
-1653.2616784681004
-999.3837995082268
-1846.8285986157655
-1501.0154231482634
-511.67653808801003
-931.9641251979258
-653.0504228425523
-1327.5159388337727
-2379.964406220121
-1327.1998198208423
-539.2565706454989
-511.2746861895854
-797.7007112967151
-838.6382941349908
-50.05980977636821
-410.14668925875276
-374.97137583505435
-233.8545031432144
-2951.954622372719
-1173.9845578053207
-406.67924049900637
-704.6432581578449
-513.8459807285942
-1141.1936849243334
-290.14828355926323
-1023.8495359205338
-87.5457838879972
-1451.2217244801463
-416.0601590000056
-765.3691456585558
-350.25454173716344
-455.45372083695554
-1584.1767207047096
-1320.4726008472746
-98.27452328453026
-880.62974435908
-1657.5018852825046
-1629.9782403277045
-336.8304311450298
-1241.8877609293936
-238.44687174161842
-1680.1045159890655
-311.8119441200707
-746.4146916326982
-140.83620789687913
-2004.4519192538235
-1697.981118604158
-354.2502354766466
-112.03858031512226
-86.5582436107492
-65.25026365348879
-878.5338693972562
-1188.9269886800357
-1212.318978083745
-1129.763067879454
-339.4885422316976
-1336.8550089783273
-91.86023767679089
-862.016436497692
-1357.6791383230031
-792.9175946418394
-282.1360418126593
-217.98408775531573
-424.9638472255805
-1724.0331872737895
-920.8471875608834
-1465.6842841416303
-866.3017383246117
-1500.8926332591248
-753.931254427215
-95.34301657196269
-54.28621412657279
-2315.3035766816356
-553.9269207529737
-1274.6254869679033
-88.54781266418271
-724.6427943370757
-1180.935543209726
-161.3371619762231
-591.5259326527139
-2550.7092352439104
-128.33322729375556
-1010.1404285854893
-101.64284815490362
-1609.7093978785758
-2274.168026045483
-680.9338570303954
-1848.4303621509666
-767.3297217667151
-1163.1139635173924
-866.5204299874595
-249.35261026744834
-457.6129517909695
-1294.204220852288
-1102.7919990207727
-676.3068280742445
-987.2580934592265
-939.5289673343644
-533.6772577895277
-87.72349707133174
-77.19252516079996
-370.3654535938622
-1415.249372470129
-2639.7739267900906
-840.4517682195883
-1710.8465417739235
-1593.5795503303605
-1956.528021289483
-936.3205544358203
-1700.5971395617728
-906.8562742577969
-92.93252746414038
-1339.1544844949835
-979.5079565655584
-339.17811889407926
-1168.3280719237825
-594.0042543844619
-949.0989354462577
-494.6540532654433
-1920.5426255755356
-451.5443033270095
-91.7968384933821
-124.81189628807414
-1043.5074355422203
-753.2272518826024
-1305.334595711586
-1988.6948694647958
-1088.5282119946419
-210.31000017506437
-1331.1414608512184
-102.71862244915323
-67.64812195747658
-649.0117097808102
-191.6563412617805
-1120.0224493510243
-466.82181952298095
-797.0581322029332
-609.3359227134633
-1116.3131026343501
-410.8830466902592
-1154.9996261963058
-1251.3906364691084
-1001.0649868144337
-132.44769000360301
-769.8050629648642
-2071.7327540142705
-3804.326965111272
-106.09604343455757
-1481.7228189661278
-1474.8434286223282
-186.2131203181037
-1180.2726204916753
-1346.9893190444166
-224.5351705813657
-739.1816919396053
-2180.2136226569173
-849.9127437539777
-344.8952520406889
-283.5090847556718
-701.637813011135
-74.65596802174139
-578.0937277194124
-845.2649576985615
-981.99507526247
-1876.2600518874017
-299.1654788971798
-2091.656072431978
-526.0187758929264
-1359.2806120862388
-838.5583933224125
-1665.2500185498523
-1104.187825185541
-764.0964563246955
-521.0947062537637
-638.852331002255
-2422.764883204336
-382.993837216415
-441.7293919167372
-1990.2858990774535
-540.3278232019259
-1164.2612794515471
-495.86074261628903
-763.7075054464515
-811.0411217285938
-928.5530141774725
-118.49499229697454
-1114.3612824554011
-63.49700040575607
-1160.1482316502406
-238.71877649297204
-885.2925039153456
-948.0338736890786
-615.998265941801
-1423.3091330449417
-1632.0378225040806
-177.75479691866389
-2000.5872735175637
-145.05349248918722
-64.28863518112266
-920.2601478017954
-1802.7665045036035
-855.2386920937064
-2549.7957097682993
-132.85766569371665
-2126.312090106167
-1908.6202375761047
-89.87333341477742
-448.81332975818714
-104.6354085911999
-336.0608132085406
-1042.2885597064046
-1619.5496981721951
-1832.2159274829112
-2366.2392163815734
-1034.5333466851182
-437.0919468428144
-385.1728424019709
-442.21465646904494
-94.63756898739425
-89.67599006940205
-879.6266417983444
-1540.7320344650211
-117.18889866853189
-257.1253050838833
-991.0264006622169
-591.1821705119943
-100.62660138323417
-912.7077768151395
-237.8049616578027
-784.7061431341444
-123.06113197476563
-216.69577655189954
-1475.1775648293
-215.18162508521795
-531.7493604855895
-606.9530129024273
-418.4121999836744
-694.0121145322073
-580.0446190930886
-561.479198505779
-187.8278972064939
-155.86100789764217
-398.41607007497726
-753.1189021507856
-1258.8393142747727
-2997.69394949903
-85.096053031872
-52.39850023808344
-2844.3015578985814
-1056.8800020360604
-88.62600503245403
-400.59404796814283
-1383.4376304322752
-808.8967343088582
-411.60064328478717
-521.2307000548542
-515.9439100669599
-768.5518833326959
-142.0792092306926
-211.66643287416318
-115.61119062677733
-63.875574110796805
-2532.963013344312
-785.4456930802573
-665.8237823137482
-1352.8085120044832
-772.3323645006767
-432.16879012046184
-280.9185362755461
-1236.8428396512045
-694.385402924196
-139.49602787759684
-493.9248211886363
-525.2999104674002
-235.99512772995706
-1360.1597775265623
-1063.3343956115116
-327.12635076145807
-316.9142416422243
-192.61039548640125
-32.26777306438976
-209.40630879227092
-2671.908609537053
-1145.221928161595
-213.70931953376643
-618.7085032482794
-247.70999453968713
-716.0555493573279
-1195.9150579435134
-117.46957259599696
-255.35289298887463
-84.17006296369541
-706.0690288279761
-702.8572558707259
-75.95722580383196
-830.4867279471447
-758.336836581248
-130.44043150093702
-246.38807575013098
-2047.9349932447822
-1285.488920376484
-1322.8906047429584
-241.84039497105155
-790.6259294991657
-540.7022967137705
-715.0052997856963
-1599.3778531330963
-306.5472703863377
-294.82307089214606
-338.28938904545817
-466.05154009780216
-281.67827995398886
-45.458102359962396
-584.4159461655951
-142.3828944692767
-61.56603805931721
-323.9920338691597
-964.7057242548325
-372.6321780543307
-248.7177209648027
-260.96087985170766
-247.37604547116086
-272.11633356575123
-64.72860463208804
-97.18148619818052
-516.2773182753674
-151.9611691892587
-1624.87234175998
-2039.955937568126
-231.16758455946746
-858.1434749740808
-759.3590646918557
-216.04650507453664
-565.4425421275785
-253.6790908375587
-1037.4515326443016
-1293.2207786338872
-101.59807355081587
-1397.3157915256686
-49.58283544898467
-434.66954140242444
-490.70377984643744
-581.7070273466561
-234.8141186407067
-631.9076676954173
-293.0036435037472
-326.4182784470695
-788.3701842508538
-206.93987989254742
-223.88344486791976
-507.5598565158091
-544.1510898128051
-597.0796429347457
-684.1581134438389
-653.7162672597212
-910.3626138489287
-108.91266930392248
-758.250733367536
-629.5200721619382
-452.9122295433419
-1146.5817401772792
-1614.9540773726837
-85.85916311351787
-385.2924326821746
-792.1381014224039
-271.8837714663826
-702.1818641026789
-72.23695928158651
-283.93244105407007
-408.6079124484493
-486.25146058286055
-1057.9811536640748
-2262.9803374359412
-742.0413227786973
-395.78164108223257
-497.9484244950547
-968.402952575323
-2210.7146817617395
-339.73852619867296
-712.461107800083
-1538.4084129822122
-1127.7538311417613
-2298.6452166897884
-717.1507087154864
-502.19339028923656
-1113.2540837425381
-1458.2469324661465
-487.8337306127813
-210.0857050937686
-514.8105290322337
-595.1526543189823
-418.9333244845162
-687.0859343091869
-799.6698057586315
-142.18082584135877
-1365.3392975734505
-517.2365176797124
-1254.8847750899674
-1753.4873714886194
-99.61652392626092
-295.6477185414656
-219.28097622751898
-476.2162988346941
-121.53940646332669
-520.7873532394756
-420.37175537406176
-1000.8826793193987
-652.8540908908055
-2356.1001693904796
-495.14862816741845
-156.06601877964326
-412.5114840552101
-606.2911231158723
-320.16232878415656
-250.9068704007273
-749.9874948734018
-201.7504766371155
-630.5651149647302
-127.81989522132079
-406.94643839962555
-255.18139968899746
-405.94905929259284
-200.05673964779268
-403.31836016712134
-755.8356071928031
-1483.7081526063002
-131.82144892992773
-1125.807987906478
-1028.178447316109
-1088.7287128856176
-1052.0947379547003
-240.10845809943334
-116.21609246268417
-937.7986733860594
-81.8852834453337
-608.8841076868066
-1177.3139842934302
-1003.1569807021563
-93.37822875358202
-900.2892420756261
-64.2896530174705
-150.95450579872195
-1145.524546389146
-736.7316413991769
-261.77139206095285
-133.72467611231397
-917.7731619173447
-600.4725742880215
-240.95243098574517
-2577.7055374707816
-532.6663173759866
-288.0361872583248
-1017.6813204242391
-2624.8821998955864
-290.5601868386598
-254.14336060269142
-293.8705297611095
-500.5478588103816
-646.3054775172475
-732.7616628499675
-56.030109942894484
-385.55417811947063
-982.6087000082786
-250.87293864181902
-246.12198939520954
-166.0054353875246
-638.183309445948
-338.62159603642965
-1444.7666787195994
-1170.9401431822628
-87.81807650224383
-417.28778549729213
-604.7390166333018
-293.96263693035866
-179.14287403009317
-606.7781856582783
-904.9695931155135
-906.1073157039082
-772.0644113880218
-712.5150269092672
-1017.8840883515347
-1248.6869791678002
-123.4849343166409
-548.8921747856969
-440.35018665103644
-942.1088330626067
-1909.3456735694724
-592.2776250064433
-604.5511365717532
-368.3728364485876
-622.917177191746
-1015.6241861808534
-772.0822819746968
-212.29253140578675
-1538.1441827541084
-1004.8150511725283
-1169.7346398307986
-509.0324360113593
-371.8351677911089
-979.9737300663065
-422.2686496912868
-451.4878649144472
-568.379056610331
-1043.1124431202372
-246.10696174441986
-484.136598804577
-646.1058897270675
-802.2336614757213
-827.7129416326625
-826.88245663728
-1264.4259655050341
-59.95380497507858
-1245.9646830459415
-502.97104188943194
-2771.9214676916313
-300.29259446210847
-157.9158504105434
-131.96205134453018
-274.7232328395808
-157.30373561053406
-1727.711440211866
-673.6410806093528
-174.62382602033892
-1589.1018994831945
-198.3590282199204
-921.0995419878275
-134.42397882642808
-247.70462731213757
-452.7020745166344
-915.6580719201443
-530.5163651375111
-821.462941448971
-265.0431237385827
-473.08178685209543
-116.0510510207358
-704.0634223619759
-112.87257288132531
-437.89623947817915
-403.43178297481126
-797.7427146544889
-105.67792316507425
-152.54496720740707
-591.6563985963285
-1298.9131622596165
-1003.2847534962772
-98.49054597136617
-507.8184009463645
-872.185586200516
-252.9213615153164
-376.98464506538505
-111.16621679027406
-1504.655075311847
-1058.1113425801523
-939.1053509626412
-1440.0456058573382
-721.8823749181593
-349.54827768582527
-785.8028930329625
-634.5856642747431
-418.7636095956198
-397.091399270869
-500.1487346707208
-1034.9183654594651
-94.08703548340125
-403.33741929626075
-291.03668242461094
-1125.0562058207677
-59.003595086464884
-255.11000262164202
-305.503359036015
-162.61103388794237
-612.3530839630237
-298.7393304179472
-162.95818263283482
-252.51029188783656
-896.7489392521186
-401.9461952980962
-261.7009092881058
-327.09981071211274
-1591.8405694482965
-1527.695070891484
-680.9376255275615
-1211.326729271545
-365.8057961279886
-1538.5620785490644
-1332.2189901092543
-1017.1225488356574
-130.22237066360142
-774.8527051868427
-484.20119137521385
-76.46119644438454
-128.74604558663833
-1357.9471460110974
-123.55993193752147
-196.599726851472
-329.51980714205115
-518.2899773517456
-509.831619856136
-645.8642202556546
-494.5692123764695
-209.04552407495586
-278.02095988515657
-577.6688445857147
-673.9461681146165
-191.14104757609655
-243.74548670983665
-277.7918969491477
-1181.0969724122285
-649.471631619681
-448.5806875906445
-252.20808588921525
-514.7744525833705
-818.4261958020224
-1189.0285663446027
-874.2122668969331
-175.3462203277767
-394.2228134787624
-1737.9372471628767
-703.5475255714216
-712.7496984084744
-832.8303997994178
-127.24664548845425
-2043.202792807293
-293.9091767828164
-188.66250164910855
-143.48529377333585
-1183.091827887316
-77.46854925591501
-542.362607403411
-1173.4991774478117
-1393.8626033237083
-506.35540715239654
-797.3011040695965
-747.83942470941
-684.5154194858547
-210.68316006028985
-121.90976166331365
-1165.5592102607625
-1692.9477441140639
-1067.5065603359262
-265.7299557932364
-306.92112254828
-756.2249156436483
-202.20059088659656
-436.2078066484255
-46.56373844546954
-28.937716867264555
-1351.4483233890821
-509.09815436436554
-879.9092017949963
-219.15711909647626
-617.9023056726336
-61.69935326660294
-834.514384896594
-145.39264917213418
-502.8421589088192
-193.536642076785
-765.8023659757748
-105.28989302313141
-657.5642622350258
-96.61945084755182
-481.2273803227067
-213.85837201721486
-980.191130697074
-114.40633131931457
-643.2683829511393
-768.6069904203594
-468.87575499728575
-707.2094947492682
-815.7817721437756
-183.27513645528623
-557.8325977811329
-553.8069581510928
-420.13612105822324
-194.07482826662516
-1809.8183056054238
-341.9370903892019
-171.22806603640421
-256.7444673849749
-797.3788608592798
-184.50091515287951
-79.15379915663723
-776.5914113762212
-932.7482009911324
-906.7457356272495
-565.9622943405092
-589.2768457160196
-156.29474216703775
-1094.715676044684
-280.8184983758089
-1449.1766614952844
-742.3805337574626
-387.8549593389343
-164.3717931031694
-77.59207838039404
-673.6689764066565
-371.15410166075776
-1611.9252238598676
-353.86199688076715
-1257.3343059425727
-760.7304971590023
-1757.8945729112274
-1004.6328683231005
-880.8655545711522
-37.83028165848589
-199.71788206935014
-563.175321194853
-131.9047400976138
-161.39480547608508
-216.03766277039404
-1183.5488317057504
-607.7036413387248
-1284.7790816555116
-349.9130502941089
-316.15340786606794
-29.394314951343233
-866.6703040268501
-142.32118555530502
-176.46822722948008
-1313.5466015346701
-566.2056713810748
-611.4329931522465
-160.1670570794052
-688.52690151063
-455.4167544303489
-191.3628408983127
-149.57966980610803
-486.30319010910625
-219.39276974847706
-634.768004362754
-120.15001624404331
-142.7122254509385
-435.9961051664247
-892.15457675601
-463.16966645247226
-149.61343944054113
-368.8553252592195
-347.5384667302002
-592.4760085470108
-285.89002745130324
-77.74787927647935
-603.0266406922012
-126.6215271400363
-394.88859782582205
-304.7444920327598
-362.9670262120347
-244.6563420588426
-247.20920854411798
-499.5373564115131
-119.02034492203708
-162.29166623554696
-929.8453392966065
-813.2354590853143
-925.3354918514146
-367.0390842614523
-1133.8278355687041
-54.45678405894586
-499.3308943602576
-398.6735468825332
-310.0715615600839
-1132.2377494321681
-120.82728848677714
-577.0556045830182
-241.25269528371098
-751.3152686778133
-567.5005354898432
-85.35002357203489
-192.50409739230975
-653.8934288809717
-413.5646545816311
-438.55472327161795
-241.49702574417185
-226.16250611292068
-179.53135715240387
-278.91392195121784
-263.8824724437571
-329.2606636021705
-1267.2996475274692
-1120.8545029237673
-495.4252018506771
-1700.6292416453061
-117.49092344420262
-823.1237554210138
-661.5158066016843
-516.5739959191168
-524.4338599008385
-2050.2008748269623
-556.6362273610151
-432.2465781847188
-382.89473015192425
-1714.6700308483664
-919.0379097938094
-256.9837686381495
-231.97516080130572
-315.6701899513706
-108.24669332662765
-681.9492658986517
-708.4440283720385
-1483.615317900317
-329.9674011231904
-250.11205305645663
-978.3543212356058
-148.728681565166
-1183.4384317829044
-94.59305898627522
-362.5076026341069
-393.1997537748573
-97.6839626446908
-262.13643783966324
-734.0259836073978
-100.45019600219999
-615.3870691678552
-550.9970567719574
-1404.7295728635256
-101.8590460089803
-555.3759941094418
-482.97663718614376
-615.5713759813486
-30.51879036067362
-132.42061480763255
-436.8417975982645
-1536.0665596031918
-347.2579458537656
-198.17205212966053
-537.5916949983107
-317.2936406731419
-447.2198234144387
-327.3977906789794
-538.6517182471005
-1545.0752131531212
-91.60378670653816
-221.47000645175225
-669.8449526178103
-1397.1841870930064
-373.98125806863857
-1301.9189940646977
-1066.1201991215999
-975.1948261646213
-502.1972802443569
-395.9148023248214
-1041.8409505144907
-244.39305009111612
-522.5001985266169
-742.5356525521074
-167.03275200088513
-127.15565741822968
-516.1367143793805
-1336.347479655662
-138.01339465804574
-1543.9947781301391
-59.80444783514798
-780.2239241773866
-1243.7026194836942
-907.0555466773048
-119.95148628031785
-1401.3070936353777
-1066.367398458583
-459.6810492979885
-328.5277552396443
-116.63193449692062
-1024.4419666864662
-64.31809183125219
-244.942781914297
-289.5881896139529
-1548.7552194406244
-651.9133112287291
-455.5778465759628
-1149.3357400783439
-557.6705901610777
-1662.9436982403263
-547.2070238917304
-1252.3801434683
-703.0090023359154
-205.5688610573325
-760.5709683642096
-115.81115799741949
-690.0681542628109
-23.778579637141803
-1325.4610256223177
-1328.066249203382
-106.95803992468436
-1637.1319727687921
-146.5188038950964
-666.6009327108462
-716.5513439707773
-1340.5910268644104
-215.67708483644435
-573.7092522808505
-193.5312035978715
-1183.444017210844
-414.8928440442666
-137.72433433819361
-131.07394917818618
-483.906342631519
-51.869848828771694
-273.8219504318847
-682.5818144246269
-633.1997465176917
-1079.5960176419348
-672.970011541167
-995.5537664683735
-572.7769340659394
-207.47170370192956
-204.24150524241284
-722.5246347475769
-798.2859327716266
-53.492438138421534
-52.29778260576097
-1001.8770584401045
-101.51283312761075
-769.5189251673797
-779.0793521367534
-138.52203172032242
-432.2010373668884
-373.703453933232
-366.74840467808826
-317.9120807634596
-1022.451294167608
-717.1278672184308
-153.09229788795707
-520.0518061184979
-328.3382153296566
-171.36135643787796
-1085.4757915715352
-1023.2695770907607
-1635.652408211749
-951.3154060407383
-417.61831432612354
-459.28036416102407
-582.6052681476796
-469.32256788467475
-1042.7447306672354
-586.2370130285921
-782.3130720912561
-768.7681154477873
-721.5100826501944
-616.7263745274415
-586.3356154061089
-895.8570965688501
-803.4587763488782
-925.4384734757157
-42.692606919151615
-260.4018111622487
-486.1925321172622
-106.48104972832948
-194.37825983435462
-807.7246403398375
-916.6452084063427
-974.3346286732284
-871.4544807576682
-128.58432354676208
-2379.099271517844
-1228.7528756022743
-697.0056292161539
-84.31410188804435
-548.7536944201705
-179.1305838054154
-770.2045353194223
-205.54979856847513
-370.04997920581854
-87.24993507477714
-1241.6885595229232
-536.9563991818798
-344.3076068942978
-105.39726961598393
-225.97062163785404
-64.30249972261271
-1170.1454122965029
-262.2906012812672
-191.1432360342966
-193.00414826251202
-428.41837983255414
-375.26585095672453
-558.638390655992
-35.03538961590888
-358.5402769191061
-967.5156022046303
-139.47725292940467
-365.7463022263524
-502.70979336646405
-124.44602519065828
-1460.0853427641325
-185.39014424922456
-867.6113904205565
-321.7826492214589
-99.76062358395134
-548.6414636569298
-987.8609659189365
-1143.8071453733496
-887.389514863643
-170.32183514781062
-574.3926103806857
-1733.9813397376272
-333.3424270095424
-601.9981720198557
-56.96416345299673
-1185.6261327656177
-788.8698564658773
-1227.6166728710862
-251.03144365874658
-107.24687406815113
-1055.2952424118796
-243.54660665398774
-831.2131152941699
-1047.6598073470468
-240.84557118939955
-1239.0500797206003
-253.70452437884614
-724.8689186832052
-323.8453594198198
-594.1791585997158
-469.2268005308206
-506.38064299651757
-411.70650764766845
-789.1080083092653
-77.97300215504472
-237.42925370965958
-370.1983411696457
-1708.9407760626093
-1087.8583752711693
-592.1550942349866
-1108.0924329636978
-84.56445828350002
-680.3817060918873
-157.28588735409534
-594.9997126011724
-438.2212644475827
-316.74402094854145
-1441.906887931754
-453.2048974583607
-490.8927683262049
-1783.834067703099
-1634.0298310175099
-1075.7783184520868
-1441.3149111468306
-778.4525219977083
-354.5564140326371
-1117.1310958397414
-1023.6735716092417
-1575.8859631037594
-571.0478297695406
-1815.185208353032
-1889.9739405473013
-141.94666175274156
-171.48416287516707
-85.97368560112099
-1200.0795569335178
-799.381498502858
-921.897511312069
-119.67853012677998
-380.27600761695055
-420.0618772378846
-1059.67676558832
-173.47273305471322
-1100.2660388989061
-493.148723820035
-856.5041005882808
-292.33632725000075
-407.40094871196686
-909.1830308508218
-977.0715865916994
-773.7220408088217
-173.7592750676576
-73.51796284990957
-379.78370318639884
-1823.9959727731475
-1236.377203424821
-607.1526695334633
-1016.0144875926403
-719.8440169742693
-126.84555198729046
-258.4130290287796
-522.2131592008346
-733.5402093469318
-810.4769027077102
-360.47696880786333
-1002.1175798135673
-301.38944504892845
-301.30686982342854
-775.216481427012
-272.74050105532046
-279.07939553672213
-2059.8278996434337
-1058.2901996756827
-350.8240915706683
-1702.5248495308508
-504.32715454243413
-262.2748455942196
-329.97510763091657
-145.85179448243986
-527.8992388672499
-792.3376425107737
-107.13219896386971
-126.3894853286642
-1192.3275847080884
-280.46018338996777
-165.59989628722002
-389.50002273960706
-319.3533257329139
-389.6162776112896
-718.7284001359849
-36.02601624306027
-435.3345288591009
-571.8656157143957
-30.248686881567124
-168.76401621637706
-1265.2028866140047
-364.1320701636596
-120.75180882738624
-1317.15377548288
-247.72764320301806
-1341.0849462338529
-998.4499267877181
-195.8490915636438
-321.96819381745996
-122.54269448446018
-115.9225271379556
-363.88089228124676
-1145.059765820731
-1375.6476725644047
-571.7924118542295
-482.86065904373686
-363.54759663397715
-757.8990835567438
-543.0580532686494
-329.8957510006345
-210.5329714802856
-1315.3363209443753
-823.7309831339178
-823.2758696479718
-843.593809278772
-510.2122374471777
-963.9024953712388
-989.0987737910377
-238.87187532832803
-1135.448318838868
-364.18993392609616
-577.5304960803696
-816.3000225707317
-384.3647875938219
-418.86750458714675
-202.70999310993452
-561.7737719054127
-1058.8042897076803
-264.6614526865417
-317.3885182767362
-210.06716345439514
-238.5307387411832
-134.3495626411917
-545.8830238616961
-537.3814001646072
-465.5979592655278
-862.0564866409717
-420.5796102309133
-804.2549247603835
-1296.704015684026
-609.9053471566083
-520.5081411930385
-543.4487826866633
-484.1774399678824
-817.7728099565338
-481.8366898383343
-152.24945294862894
-378.6978943807884
-495.0216356997111
-326.2409690907188
-112.6840742546747
-1127.5687857501553
-118.97194501349887
-445.4905488018994
-447.6792000370863
-390.97058441306876
-376.5088137534948
-522.2763378479694
-403.1946174579732
-744.0927443116346
-112.58551899277793
-312.2654880788731
-159.36539971918594
-528.3299576854154
-503.64347948951314
-255.89877660795756
-781.0325994053619
-1324.4684124357775
-226.3579006282708
-642.3945592382111
-358.9407550767351
-603.038844095211
-353.18528934632366
-1184.309223297653
-65.25848476049401
-1006.22534266396
-592.0506501340824
-407.72901307103655
-151.31666673406394
-119.87729517866498
-1342.7031634047378
-921.0509275313304
-459.4537676119345
-108.27771631135516
-1598.8301852033787
-153.25009097367433
-142.5937227748918
-802.7625776624236
-214.30051179030147
-180.3171877650245
-251.47034351682294
-479.2431482318286
-1002.1969670619559
-49.900491145853465
-1096.3469846488474
-1170.9318903545254
-952.3144061520006
-229.01876580391976
-1737.712292937469
-818.6577005964293
-311.0918292726997
-746.1970009596625
-192.7988217155852
-634.3198406185453
-200.0797093794391
-967.75073784742
-96.56072749097817
-412.8470792990674
-262.0549147890075
-185.93080115690975
-336.46272917980093
-150.82462302545832
-347.0467040725425
-279.571142079273
-804.7697156554843
-217.83535766532984
-526.2406210241634
-773.5495646165368
-389.4856445483922
-249.88650848274182
-576.1233044662027
-483.1563268172249
-611.1866040552602
-616.5066883920788
-750.0711052996996
-348.1847575243843
-128.71656711680276
-169.21842991206347
-242.25282878997726
-188.97140800188174
-1358.7553119455572
-889.2693655209395
-595.310340983184
-560.9828283787799
-1110.2915741170602
-754.6967083722054
-193.91169583686408
-1001.8041925589348
-300.5672551414251
-833.5692145534222
-274.2809618012651
-763.618201550695
-94.33578055225001
-895.1420259320256
-319.03622708324394
-504.59517780548543
-206.41019437625513
-270.00396705710097
-684.6032177025965
-344.57635489877117
-670.0009557429717
-140.43277623436003
-532.7964034905367
-352.8765587846584
-130.0998421071073
-151.5684384803434
-985.9802686775021
-46.63490323744935
-1115.161015698555
-999.454094940416
-472.17142726439147
-183.5383682755326
-140.10400059250324
-508.26465691502665
-493.0111890198292
-799.3187816242453
-258.8889671300824
-187.94729143053274
-647.9876016785469
-20.741166091795122
-220.80075653418825
-717.0663195705948
-25.387793559363928
-250.79995262163536
-245.33118170613676
-502.8159106422105
-382.9608723222437
-587.1726061151404
-210.1959120012023
-279.99112065940096
-1108.4704203698495
-960.18144211555
-1251.9332466455903
-622.597211857312
-1157.6036766607222
-339.9106886671454
-548.1346066616296
-298.03587689315793
-255.610420966713
-197.4961090604307
-712.5845027457228
-321.8715520168503
-182.27341211842568
-643.005789153328
-1117.1716101238273
-431.7352537285642
-95.82955149569767
-1675.563858011672
-227.37698971119758
-562.192691360937
-464.8647555262738
-415.7775512023978
-771.0741848556241
-1134.679699434314
-793.3996927953187
-316.2829407137695
-319.90660329976924
-627.8829775553887
-197.7685312022198
-211.549888486293
-246.1642328990878
-106.78350901700631
-232.6019654796229
-344.37771169078746
-773.8443896927546
-248.00339197363814
-57.14115212424571
-394.23358481753803
-332.7728287008056
-1175.436451402148
-64.21414040889314
-1030.5822775511815
-118.1665649646545
-103.07071651040573
-480.2545133379252
-572.4366722871064
-714.8058366087341
-341.2515615945438
-484.0435707124416
-90.20926754248796
-181.4025028226365
-1141.8773892585336
-153.94644002206934
-147.77140120769602
-124.78457926585284
-730.4026533169805
-470.97554855016074
-238.43789332596808
-164.57507765722454
-1150.0484465485379
-1414.0454714817035
-375.14275712555957
-278.83350670313587
-184.13467290014603
-214.5237215214522
-169.61625000473924
-294.6614129037816
-850.1167138224915
-1490.7319101516505
-776.1460565257105
-1110.2183351709768
-346.6927660893423
-375.0106483048535
-548.5859224117
-447.446947577007
-305.7296121943633
-146.53714798809978
-678.8218729745387
-257.59248862417405
-777.270880699058
-416.9357214262483
-803.6726077170929
-1255.6326354581984
-201.72841937553483
-481.42553474180727
-663.8949380922622
-736.2448184382938
-258.1572903172326
-267.18483304868676
-563.5724778742374
-44.288507865306855
-251.0235077114527
-187.37373879308086
-321.01581252302816
-912.1402524170958
-1253.63734462702
-433.0946433438763
-112.22344707209706
-872.8411671772799
-1109.7985395568764
-849.4500542365818
-591.8721416077846
-424.6255016094168
-75.85415505595643
-457.60707575841593
-252.44716791210067
-1089.1845757851136
-794.1817114905173
-328.4743280553922
-349.82248605506754
-516.6934535799273
-777.5435248829365
-102.85768671717426
-526.1236054454444
-975.6325455235512
-382.53465473395613
-302.5005218277732
-549.2179124251703
-535.1099015363718
-454.4234624132829
-286.3847254195383
-736.8156156400951
-908.400610543668
-425.5652872609377
-188.25509630302096
-551.7385095116474
-540.5606338245483
-361.2966290524641
-721.4029665997447
-293.57905025688507
-237.88817002877317
-1224.5800524738097
-204.89306484779178
-1235.1572194138002
-138.87541908551597
-250.2485490918718
-450.140046657811
-578.8263349282829
-598.0628719868312
-1456.4342575514245
-205.08573378456558
-1126.657492556625
-188.57434495656918
-499.75510630512565
-623.8289186242873
-777.4506233942595
-374.03435465816494
-378.9909805388419
-424.18278855188794
-96.93573791071137
-690.1705718968522
-190.31930600757673
-254.6304910732057
-554.7183246148646
-341.6753817339944
-489.8910839633619
-1433.9159370773316
-792.6672089910119
-298.16865921099895
-883.1536058576156
-689.7847034924463
-193.80629257447282
-382.3718748180916
-1230.340820969838
-70.4751063444273
-235.2935454824864
-152.0770283997442
-526.3138016636601
-435.33229123892
-191.51456025950975
-1120.5912404367964
-68.29329645292302
-144.43372906774218
-202.74563741393598
-292.7550152278456
-444.3034538085323
-372.1351064879333
-372.8528658091335
-377.5964748006096
-174.92004559003982
-80.5017537368424
-919.5527870581664
-1273.2733922889288
-220.75785960469526
-261.27263503510596
-88.10548404022333
-492.2926014887924
-372.4481003575188
-633.0699686788763
-189.85188224694102
-992.8743110773332
-471.53513152116466
-237.46387300462698
-559.4113041540118
-75.61753920216478
-122.31031795108268
-222.3792142005677
-272.62178827108846
-43.653488075545
-149.73193837703104
-163.96012571378833
-820.2964508325227
-79.5131618341909
-786.5175131292023
-206.0607303430808
-907.8135433503081
-724.612834704221
-70.2189787428035
-374.233839023074
-440.05570662820423
-250.3468400447702
-676.1234848130036
-412.58169394257334
-910.9148816484048
-753.2219973321697
-467.3233596481856
-1223.4691236966364
-1409.7096706460738
-345.68894545762714
-2350.765379919972
-748.2316708648675
-700.5457668928343
-590.5937948056982
-1282.9266173812007
-441.359995391245
-79.79594550282027
-908.6478991631359
-122.13870225987745
-257.12007202985876
-640.3083568712701
-584.5128323306285
-352.6000953252372
-191.61114073444188
-819.5271421150514
-2317.4234390394663
-128.72988627125238
-62.36115124455159
-409.905057967763
-106.12367804761806
-669.2931176058906
-1044.1036914668098
-695.7554046941085
-471.1240154047996
-1547.5066021002917
-425.9012057190541
-612.2807595528025
-82.03832848554188
-531.0709083130572
-226.28460039213033
-40.219299952983505
-113.69092176957807
-213.6176882699416
-370.62494836271134
-114.60046850865592
-631.8014343918782
-1293.0119010245724
-1228.2206207212976
-490.2082818159321
-824.9057265249578
-197.05603688861794
-433.3554637203754
-1177.5854946377406
-254.48436974576262
-537.3498590202589
-123.84879332722494
-256.5141460365879
-264.5319200055362
-1133.8836583132363
-542.2445999588429
-1724.62371495032
-610.0569912051955
-649.4106516077849
-508.8035288329414
-45.75419872553519
-143.84039753940422
-198.49543865856808
-244.7829307746893
-87.8337896756218
-594.6482347612118
-272.80081687708304
-1805.2398953320228
-1084.6611830871334
-954.3803388253615
-609.6195889889102
-1210.6214657122064
-1145.4217079078173
-184.60781177957136
-80.73474923096154
-844.4383524339354
-1125.9507300219607
-605.7950077238102
-250.65603588873864
-1067.4628047266635
-85.16506511445303
-177.63216920316327
-438.22551877615524
-107.11650800317256
-539.5737339959115
-368.0939824433859
-731.8368264019578
-299.7832323621269
-78.75007701474541
-159.76382875785748
-427.4342967962481
-654.3054397079316
-293.91819679477135
-233.94453384934042
-143.44342587009356
-731.4189013711353
-177.3363559976429
-66.48202392263926
-873.3852789832008
-267.4839697189357
-688.2590153917477
-77.24566360769705
-243.0464186335804
-102.54439555934749
-788.97380138507
-211.72233183011102
-1193.2573927731776
-383.42357947760024
-929.1581676886861
-335.52556873468205
-446.9172142604394
-577.2620551102891
-628.4624655275103
-131.5735068092137
-353.8877197084897
-95.77266228777331
-258.84208421560936
-1170.6496284810858
-1009.8233677974617
-126.61057678865967
-756.8868939605492
-405.79772064857696
-104.02827462539538
-245.93385559885033
-102.92422911782097
-214.02040379506172
-71.08926694115081
-154.87993927203445
-221.22037814594142
-291.2481144375778
-1439.3030894522183
-437.9636144076389
-679.5192987053437
-582.0696452784547
-270.40643736946004
-382.0027297044335
-168.8095856179382
-323.9998195471636
-164.28199192784214
-181.12091874892806
-462.50716021505735
-256.5325512154876
-70.22390650786087
-860.5158103278656
-222.9795650139182
-1002.9948269990856
-2069.1931562256214
-870.418776392156
-465.44132826638366
-275.61347203540606
-91.94994096641486
-892.5556009085573
-253.98660300280238
-158.20124553165004
-345.4992750779616
-227.5721212582769
-768.5020807723375
-262.3823769535937
-385.2570826092333
-307.68503600086143
-465.00575203706205
-587.6010496402185
-52.485685639766956
-917.7702287107868
-198.54343430236514
-1092.7896767743478
-1013.5887681183463
-239.3558492509801
-120.15194648559009
-99.83681253863108
-117.02108151103519
-613.5737241584945
-1566.3584161853548
-88.07829580087162
-615.4190431643301
-504.91882560446703
-159.233720841314
-1065.300508693588
-432.2146682211887
-846.1086858898198
-121.57688747824884
-132.20207255459314
-310.6753705849867
-266.66538506166285
-1630.659739285523
-685.3285148328491
-749.9908354751512
-119.46442986501197
-145.03882170419556
-299.42946052670936
-61.2516480025989
-1076.6899973987631
-51.311366815506204
-387.36732838433335
-205.90449138292826
-785.9699038079608
-537.3907736894809
-968.6521610213483
-256.1848743483737
-1262.8625909335658
-193.73533475517004
-90.62607162788379
-557.1067779155061
-67.32267359117157
-212.1411401151915
-749.0427467952348
-394.0120521102751
-917.0739714269349
-285.9623984878144
-412.2603460551696
-544.9992367327875
-293.55454972236384
-169.0501976161987
-548.1706882642867
-788.6647077529342
-382.7116907803292
-287.43920545490835
-445.7595789654296
-486.25521153461887
-1151.167984076462
-60.76333767603302
-552.762522925758
-587.5855225750664
-882.2152169662097
-390.23048524702983
-1238.3274125209432
-253.7192142160642
-452.56913012994625
-811.9894426661438
-27.966684403827998
-278.49220364415214
-559.1235860374229
-413.3659770872829
-595.6166307000984
-186.9885499331006
-402.4881111199834
-110.74265393211186
-963.3950086070954
-1133.6482262024863
-572.0560083389723
-923.5288086892774
-536.3496271235556
-641.7759708453048
-675.3180635435906
-718.7566896214588
-757.0152226654031
-241.11443991010947
-303.8050252104929
-834.0499900326708
-155.08126572991245
-386.56095357405303
-213.157886682391
-261.295995353898
-558.5829215481716
-754.8686249904201
-387.13709064589295
-1194.1537728228175
-440.4422441859712
-220.6328003078854
-316.99831808621707
-200.841154817089
-311.8049623091616
-442.9959291693437
-94.0991532817649
-855.4656492151203
-1408.3529951160576
-1279.1792242297713
-684.3995426662983
-1238.1157215008761
-524.3757025766552
-523.8338615253382
-418.72157241166303
-313.6925511284985
-381.8377431623099
-590.944098268068
-527.2845503377085
-668.2101314555266
-95.1364718300739
-1275.571384113087
-1076.4528104224082
-155.93866001436368
-39.23783545674445
-136.2395331713531
-213.35978586363913
-425.1216318243542
-311.2843897239769
-84.9734072506642
-171.66828109423528
-661.222394747957
-240.21280919522067
-185.61348474031055
-900.2727035189027
-268.6344714106779
-554.4827535473848
-68.26647883037529
-463.40647198748263
-1161.89663615782
-861.5668512185638
-19.690552731667253
-22.793642385689452
-803.4201992540039
-244.90970924445278
-966.7477651278699
-992.5336045280959
-549.4783748848904
-445.4352598971768
-883.1662333315527
-628.5675414748767
-525.6527244542333
-533.9820146920259
-261.5714161135584
-211.8294585669978
-253.68539871803293
-970.2910967381783
-242.52040832323948
-279.59992103194435
-783.002960108832
-758.3457066787765
-225.68431383872823
-155.2990439308991
-369.3211791411924
-337.6297447996701
-70.65160301581395
-50.04236719858005
-676.2103509132739
-615.3469383794098
-520.4271260120144
-308.0098843370571
-515.3379176440845
-1085.771990185731
-231.87151316828357
-52.65564500456033
-311.55709923267705
-385.66650711846853
-231.72259798079213
-582.7495529425554
-341.47530686597014
-50.4747853302415
-531.2191850100173
-352.6874691671063
-331.17919915788127
-140.63111973757046
-885.9402554041743
-169.5026254263873
-513.1972564343171
-694.8591070692587
-1153.8000446392473
-164.35590527574132
-1624.920274108271
-931.4152360316153
-536.9558863446024
-226.47391231995607
-471.8331061703759
-427.30374610109675
-157.01426963399084
-249.82523316316073
-84.70045937188249
-533.28891229962
-148.53503379668118
-179.77763801758712
-488.81389968053304
-398.77169955901957
-1151.0042417169811
-859.8015927915717
-407.1923097096603
-285.70644910379724
-89.31816729469202
-530.3748541345051
-149.82412347385235
-122.57989937535493
-333.6748919849133
-935.7749572496746
-1129.332281532127
-267.5112480340464
-172.63129977598913
-289.9733147694768
-247.33627565310096
-703.996073075681
-842.6748012188202
-41.472888293257995
-279.3268263664026
-117.41132885198618
-46.13054249146742
-233.283503596772
-375.69543900324857
-936.4326987252043
-1294.4565683826934
-368.5746098719764
-864.3834568233506
-795.2824500432735
-358.1971861380549
-33.65503374129952
-762.889614839729
-120.91753973838888
-66.07641979517592
-675.4423062635185
-220.1133765483524
-89.50931646004805
-81.80252382488081
-309.0587719374187
-95.60246776566919
-159.75265563691647
-623.315555801096
-513.5361105818463
-462.67324599024477
-282.2793361034874
-842.4691850730392
-317.30055239191125
-308.58949664935216
-84.79244901766785
-2569.777813675691
-96.10993322475468
-474.1264965648867
-815.0164034575951
-265.29688391447417
-123.78200835438199
-231.57596211967734
-390.0855531219515
-928.114708864077
-601.5544367787613
-783.4112735932456
-443.2865081966065
-1165.4619922102493
-155.07637406698572
-343.9731983434459
-87.10141260234391
-136.3812948234888
-983.8187979841912
-537.1976183529125
-78.9109787484056
-175.27992119729313
-200.90678650470085
-117.40739002560156
-343.3358044670921
-746.8799122529012
-1203.4615552790951
-135.37303241235222
-116.95527294491903
-330.63525135851944
-255.75878609731592
-133.24170629006917
-465.6260788140287
-319.92490860196403
-631.3201332142946
-143.3313766701992
-293.8156107377025
-60.47143805689191
-56.08127789651806
-492.8705837673905
-2197.987655246782
-306.8874948947232
-98.99863750939932
-652.967470401939
-1461.6441909743423
-115.49262403000262
-319.1725435023676
-178.15122147094112
-112.5778092143303
-205.09601023968756
-587.4022277092729
-675.7754520574749
-704.7692827849256
-152.5070055930673
-117.84681106408465
-573.1806052503198
-643.5071494385771
-1302.1158989570702
-281.79734283034577
-818.1876225174079
-1176.1014260646134
-95.74473473529633
-569.4504412662051
-73.20633717761774
-1003.4816628790877
-234.6687966721496
-243.6525456083849
-548.1925521784053
-1050.1031836396596
-450.14180201814276
-85.49218784048563
-321.8597863759327
-841.1742173681695
-188.38978877764836
-1133.9693449023487
-384.18544460824154
-1787.2722261905567
-908.6756202211284
-726.2397474570641
-214.22614357859104
-956.7293882709802
-704.1471700080027
-1009.0034205992471
-257.8221865177929
-181.02953922376025
-1106.3264995339562
-1077.5736762709023
-96.01360894299171
-114.49724123019274
-383.19959701117415
-76.8111154015725
-234.63417753857163
-25.21429236407846
-1104.8621604810783
-401.38028710804804
-147.9327716242094
-897.9637416829635
-888.4555493655698
-296.0784385900372
-787.684343618789
-570.8430826833517
-104.78408886231931
-172.25780722041247
-148.47499325270925
-55.08385039048454
-1048.929948692043
-711.1842960654473
-295.36694867547385
-86.0153769596219
-470.6280530619893
-558.6437659961684
-655.9740908316768
-81.04447149006518
-1326.4894906023687
-187.55249027930518
-292.2643881104953
-338.1429233747958
-124.68701081590231
-238.11372588379632
-716.3094143772679
-357.8460653620571
-552.3139929164137
-425.3827555677249
-270.88321066914193
-52.54219415466761
-1021.2228369777336
-267.05573348904363
-202.43212879939057
-360.5236749041059
-1074.679246234522
-190.62068964047984
-798.9539665027894
-1220.139972030664
-160.60849251695737
-412.87097915684194
-594.4191494407534
-1058.9363327919666
-1322.7202672960536
-433.79370200948745
-160.04910583057
-255.88964467818133
-171.7703588466501
-138.4857281686851
-968.2799749630321
-417.78050238932326
-566.9643590297873
-631.1617635082656
-1749.8138841109328
-882.7342123180678
-440.5211204023024
-60.83242139355397
-593.6187316050774
-171.648624176012
-408.2008838728909
-1348.863040434122
-491.92501383466214
-267.02622066906264
-525.3429761283946
-336.11667371915286
-87.14523847458841
-678.7218514279541
-977.9002135043877
-174.81350096039057
-800.5375659217341
-504.5409402858843
-998.2829702480248
-1006.841225322817
-735.9181057586425
-998.5089623761226
-912.1053329055908
-1106.401076042981
-1176.6537356121441
-234.77676850880022
-911.0256612675807
-122.20036095192745
-119.96287067155302
-462.2365421598084
-115.1021714513532
-402.1885429366225
-323.87698779748075
-213.03790092345957
-356.5944330135801
-36.23606082739781
-68.64046239553863
-302.58152391337137
-32.17395936107741
-1153.0486078697293
-582.4074519148785
-474.84766074928996
-49.114288692042635
-664.965055174426
-770.8156370644019
-628.4236502672571
-509.26969070258633
-77.70972826016418
-367.63663889500504
-1101.1076300916939
-1628.0757646286097
-333.2534901150655
-567.2158270520263
-386.8364630171666
-121.70095638567335
-1288.5679786229175
-471.21542066918033
-416.87572846597743
-428.330200516618
-637.2629123650212
-375.7671526713207
-114.45992459377143
-891.3274478648633
-1159.3733195513782
-169.058865793775
-308.20104678805666
-221.56164885442837
-297.4729963626854
-332.3131862216861
-178.74976593358355
-195.9511819255912
-156.74373501901533
-136.218369566331
-136.0131733388805
-101.4807822057175
-26.400517223503016
-330.3846193812372
-106.53843367298143
-245.07871033483192
-367.4432187116047
-37.57807348208023
-195.96363671240235
-604.4757260071435
-118.90145913169042
-807.7528573342195
-158.5277141282342
-671.0662407060629
-252.4867626271164
-828.3330658068085
-296.90021021990987
-260.6468436755646
-675.2723369908817
-829.6841252594966
-555.4008777664836
-561.4988221642441
-264.6244230269193
-706.6770964404121
-516.9466150310038
-94.00433395563078
-1281.6366170973647
-1833.9686680016857
-113.828554352803
-316.2735480950204
-88.12548445976921
-737.6187870983559
-237.94935969283895
-324.65229304047716
-585.0518072013506
-109.36760304982704
-542.0156651480651
-956.8203348876966
-334.2374135656239
-156.27180726616336
-501.62008662251714
-437.8769969560377
-146.08397434876173
-230.359091615841
-224.37582075851404
-504.5560456479186
-440.66937990077895
-320.5759819966265
-333.0933243249518
-557.1878261897824
-982.2971301814356
-1267.9178238551292
-194.75859776733904
-116.38554126833444
-524.718635084793
-393.9677649374744
-285.89375541816287
-299.2263547246183
-89.94343202961039
-987.6021159494978
-1153.4657666589487
-184.3429114699234
-566.3474255631313
-1005.806084131261
-656.0162011431597
-148.86022178867105
-363.65878673082494
-534.1055229219241
-248.21546766012472
-168.12331288515225
-215.88753509829502
-278.3990353271444
-700.6522957584444
-312.2935644808658
-106.05462411562428
-703.4789631492479
-603.5764001160512
-338.9015943571694
-625.3547434282583
-365.70685263559653
-764.0489856923631
-496.12532148892694
-385.13386876732864
-743.6469226884574
-293.57324086096287
-275.2491862191198
-420.91988826434124
-953.9867546618565
-236.95249965307005
-762.1352308789538
-1013.5323319557965
-958.7955183425189
-95.61929028821527
-814.9212047600373
-296.7127573086137
-620.5570143980947
-546.6557968721398
-1105.7256490119876
-207.9035492383452
-176.7096887432421
-535.3727698398893
-208.01650253180208
-540.1793264581984
-247.9701449004638
-134.679105295723
-1006.2642484238886
-360.78227850945837
-704.7993634653985
-852.9378317589548
-674.3522296871666
-331.8010855828005
-1144.812629415867
-896.6387871947122
-202.45121907009678
-629.3976764732894
-375.23061786185184
-311.18981084944176
-1277.3728189221542
-1026.8740053231506
-380.37834345207864
-237.5699170160363
-136.86528766328152
-478.6643134482049
-123.18517323006397
-270.39691819070083
-210.5910169599902
-888.7888816433004
-330.55785896846317
-321.6527240631747
-1001.6974490084475
-908.2022275205848
-103.25503235290634
-642.569811694324
-34.05039162827427
-199.44704259806622
-103.67798577758128
-1217.718139127377
-1498.7379372856276
-818.2672543045906
-130.80575028918992
-278.29498573986336
-655.1682983581272
-62.063542783956194
-388.27250486635006
-920.6524328329285
-694.0549793754766
-65.86446179208659
-135.5056340358758
-607.0214469348623
-1150.4813400576986
-410.2365144566309
-138.50392613041214
-196.57739400311416
-93.26038592421429
-252.62813701438708
-155.41048773337008
-135.7204411201558
-340.58776905615264
-48.969777108440894
-346.91659290888197
-851.6082596640098
-48.985455387153365
-698.3977307856081
-161.96713414043248
-66.83059130235236
-450.2380411150949
-666.455939585369
-279.9263961910563
-237.45422663070835
-178.04660516250175
-581.5261896946073
-130.12499332614217
-165.58531196853727
-392.3090342317819
-668.2506926191742
-121.78689647433791
-402.9784281631571
-261.09384472858517
-336.8680114326337
-778.7473449751742
-276.24925862353325
-377.1929897463326
-1094.8247781355872
-1471.2883211741785
-865.6268903277993
-1019.4080958380624
-575.7426959251633
-623.1134082545982
-1103.6651793283427
-368.44341279686853
-309.3628525542897
-310.8858923645271
-244.49723833252145
-325.89196436387056
-325.6534664147043
-303.1289006353635
-943.6538014948869
-298.39123044684766
-1365.757691623407
-950.3397356810596
-102.23507256342414
-345.4338594452163
-390.4003268570091
-805.2417679909183
-38.38982899821079
-444.23595388113694
-876.1000181683172
-403.6575053770831
-732.9765027809372
-70.5058950232766
-662.3787631515911
-1044.2534237305717
-69.41718564088745
-338.67612189844544
-707.6088050055862
-42.17495463607625
-247.31844553253336
-431.72131104420475
-929.5191854161815
-870.3541137116011
-799.575824972859
-211.05449438151115
-91.39360623010387
-335.6609516586658
-392.1825869841313
-102.85813769191489
-438.7058742479495
-520.9579597752113
-341.69368221412424
-352.36640211042163
-140.82104401274484
-222.4974191898276
-873.3590499604845
-286.54653298323353
-56.14261982089285
-150.29325656883864
-162.9778598676325
-243.93498560062545
-475.1794079899515
-300.33641812382814
-861.8479336625043
-406.787811467684
-663.4405666942433
-316.0322249989012
-389.89224305294476
-225.02024735523815
-457.5113585518331
-959.1534718196788
-277.4090798321706
-125.13895852120274
-200.69159741188392
-616.3259573572494
-998.6021317949146
-601.5936385087798
-979.6076493090854
-218.46073259852193
-1200.293292595553
-391.7891508608388
-561.7048139187498
-876.5923123918719
-351.77390610771084
-912.9592215972216
-284.15620615282035
-276.25342684674774
-278.78154709386047
-608.9933769315213
-1013.741684581642
-391.6771331901142
-785.7896516721069
-874.5410185560903
-358.5378217364255
-455.93676753076153
-473.33657730021866
-344.1398690429081
-551.1205552157393
-821.0406344852823
-394.75801006509505
-308.9065281113342
-318.29591330215794
-711.5010397484199
-51.48603456463249
-482.1507200928978
-1022.1008092134291
-212.48878382539277
-599.3218643595762
-566.2950866124332
-661.5041126668358
-143.12771617777673
-382.1036051160286
-1023.5928378936896
-235.62462103275445
-458.45819815533304
-415.39875653748817
-592.9854921180138
-93.62800755463391
-516.4063706835774
-1084.7392279409805
-288.1622776429899
-318.00338492209863
-87.3594079179388
-551.926677175179
-545.4062664378397
-356.0507093441947
-923.5445284280826
-400.76720706105334
-267.26965919690707
-95.82493548371036
-249.28042032868066
-494.0093059247414
-237.7881628239168
-912.387811419646
-250.13822583041144
-141.62646197462414
-201.55376505356423
-218.67357866723754
-91.27379544717161
-368.2672588900474
-444.97377780134684
-403.78660239353286
-172.51766386546555
-261.8329284426722
-450.91623714275954
-329.0632330939602
-179.22732216985014
-440.083217623104
-129.87055699446708
-415.5642039072351
-418.3144628905735
-148.84057966357915
-155.36461699797724
-618.8213777920339
-656.3165900597577
-98.57967492657482
-347.8801656208258
-371.53622687330653
-272.50836749710174
-611.123419067186
-565.1927075099635
-637.4103704435126
-112.51141383913927
-296.34232417081216
-853.5672495590725
-217.93329313497398
-285.2847192545715
-1122.4554417454326
-689.1458009860131
-69.50174519984543
-401.1216289047852
-615.6447722255067
-283.34480436577456
-346.2319924226514
-1090.500267626476
-39.29866526812074
-307.0879743880794
-246.80449048925192
-592.3294929753566
-45.555701486546866
-40.7432973440587
-860.6653446822902
-716.0946468622352
-541.9591438745426
-235.846570375252
-490.32323186100234
-151.14863350249846
-411.168438077411
-942.6453852811935
-770.6492698038584
-222.24165978873484
-763.5243561267948
-613.7245271356849
-109.2990144531951
-336.837052747624
-561.4683298853175
-737.6737371454259
-431.54889919982264
-86.9720443921467
-629.5011064932769
-142.3065393317926
-366.89892831394206
-432.4029591942201
-430.83660994178075
-783.4369799335288
-669.2524047889357
-736.9794819737645
-108.24172035189517
-270.1516703240568
-595.5321170850236
-270.48448512259716
-335.84101364354626
-322.13934982071186
-665.4778694907445
-263.26036630733506
-74.93904813774296
-452.2120915026003
-675.2109965502468
-1013.9877600817401
-334.10708007811684
-598.4696417120531
-120.91695600452243
-148.15691675857687
-383.1237420919394
-793.4601654621094
-206.47915958573884
-269.364822450707
-694.7039284648803
-40.424614641131484
-484.32768913589166
-138.42303206548956
-1266.423233354633
-506.8345090202836
-297.28194183491973
-385.27178276065763
-130.45490124598314
-279.3777811222898
-476.93693750514575
-1467.41233959644
-398.8370889534956
-65.86277988346967
-307.4113673984373
-68.09280309391244
-246.2829690905883
-956.5153546992653
-1343.7450362371824
-562.7341989182603
-315.2420694093853
-824.1053926753119
-74.18098015457139
-358.8683085476075
-1010.192641100878
-654.5043645667142
-451.5390058970635
-657.0256321191271
-495.7899146672603
-586.938131001711
-357.62131356225416
-153.48896556473684
-442.89718618088176
-422.58866835481905
-710.4981791390289
-462.83701438948196
-326.80704512239186
-281.5806718193569
-285.3902450369518
-460.8721272481434
-309.05458521687865
-433.03225607106396
-541.8419592343588
-468.6924863052376
-196.6103744276818
-278.0896165456243
-553.9937554528241
-381.31711235478394
-234.62878981940597
-470.69988246413254
-55.075045357382095
-155.40487429519482
-144.30789838560813
-728.8988486815022
-47.65823935760619
-337.2307580587616
-518.7279588199233
-55.31700672715826
-116.16338017888572
-121.30139395095898
-663.4405030386438
-223.78446431540962
-651.3747181902676
-626.858403325706
-125.0112671902599
-216.42042763040257
-526.0634344707722
-475.3877686485947
-287.52629317676434
-584.5699903104335
-462.7352520664193
-70.88811623048241
-834.0348820159234
-447.94922757287424
-791.078399171761
-497.8688138767368
-357.286420481479
-331.6519620042525
-87.02348291311591
-86.723202514815
-214.37537589064536
-936.4781250297403
-141.77207097823992
-286.9884560177453
-571.0588795332326
-124.9534589700175
-114.42290901259634
-159.39938217976726
-714.876855646099
-79.44770259270865
-251.06283511102592
-642.7600701774704
-129.0323169737702
-39.48946730567201
-281.006234263554
-887.128605162952
-271.26425653273867
-366.1677084889069
-793.0626778311728
-94.30074940465448
-100.82589888888486
-484.380718133793
-813.9119882602225
-51.01673029392458
-612.1095127426454
-911.5666176905866
-150.3618250720845
-209.21666984739213
-553.5158226217318
-881.095869285979
-371.41206475809304
-427.4720937199869
-612.0076531721152
-118.39124112610006
-312.66570071395324
-363.2304315023737
-958.7033091208073
-473.0068039584656
-511.19669842407154
-1193.7214672983614
-607.560512535005
-191.84109888216008
-257.3712522831716
-767.6897642590396
-117.19253711037834
-517.7194834338494
-1451.563162457489
-797.82900543564
-533.8933797343351
-354.5044084851019
-561.0642155259028
-379.4689212655976
-527.3009848161217
-1586.2522688566362
-367.8670413661473
-483.34037525467113
-100.27298263090302
-1044.7654501062498
-603.1479517716118
-971.3236114617147
-1410.5284289206993
-863.2344772529507
-446.8448883994192
-202.9042575453481
-278.0863966216896
-681.7978729711688
-729.7127848473298
-1300.2421474578107
-904.8610379205322
-521.5886991958857
-192.90900600941887
-240.00593578807656
-632.5861183938968
-552.0501268981992
-1237.3115229069056
-717.5266652541872
-491.77908584898546
-286.54223851573073
-241.2127333812336
-176.33661710281436
-359.57506008663756
-1293.5789619148372
-345.4648682586583
-493.30900655639994
-302.683147294841
-380.87829523817084
-144.30644540227468
-394.410355592839
-1414.7576908550047
-334.00089531634757
-403.28664816713285
-210.94632621842578
-313.6447480604547
-604.5921104216527
-690.1251770809338
-1179.9537071262764
-323.5110955187602
-157.43392150290572
-252.7174727588584
-301.7028556242178
-846.254251738206
-247.3909157344031
-606.8856893794298
-209.81906761947994
-503.594021240742
-353.9356270555656
-140.55468103569044
-670.404983133909
-425.31178074083954
-1077.471193990672
-198.77283997170844
-538.9946066655757
-335.7662979953358
-91.07486105890735
-131.69875684612398
-1141.4522808250854
-647.0540679937264
-178.51311407639596
-670.6393563898497
-288.67287367941924
-189.58071455741052
-250.01208744150088
-1185.9529703249798
-754.045610590769
-375.6437396160873
-527.8524136486544
-209.20510186658115
-196.44180001230177
-80.12236581362293
-1184.1605117147765
-423.22380540701647
-184.77095528459725
-421.56923759036926
-50.80804842172006
-318.00861091373383
-183.37964589010645
-1632.311308055052
-99.13490472697399
-317.84601592929675
-506.28418877202427
-378.2002731616402
-440.0414555937891
-575.5847733701585
-1214.0407776066543
-283.8177815093359
-197.0469156806001
-121.55267122910706
-81.62164114668835
-264.3792816514956
-557.3093659590752
-1208.0652225168483
-422.96357403508864
-257.98102779532496
-366.74912947560443
-350.06608469805235
-374.013336048208
-561.1950656598501
-727.6434510904562
-552.179183156901
-118.90856059843827
-189.78089746321663
-271.79349149965435
-357.24528605085845
-566.5395011984242
-1204.202590975211
-289.15839936828456
-272.5562214280501
-186.86500155229265
-176.7025759939379
-362.54626674089457
-323.730784340877
-1563.6218431751847
-357.36620308752265
-286.5038949122944
-357.64380314482526
-353.6072039390873
-455.68618647586595
-253.51057144871638
-1397.248401799642
-373.0916353947879
-240.2108777898241
-174.2274964291033
-611.1656956349476
-471.30024822105463
-329.37297438908297
-608.0283580558045
-348.43093438243267
-228.35452817185407
-178.63254089440753
-828.1366412982836
-548.8040501850473
-79.06311313525356
-1162.9715084474813
-247.8501973160548
-201.72394096552725
-499.44927015730366
-41.2605303776007
-283.68823442326095
-78.40284542285187
-1010.3627015578566
-576.7428914852952
-118.1330289311122
-86.48735566766504
-130.91363175650508
-271.6431256192042
-339.2961774396729
-1665.0892562094227
-195.34403054008376
-98.52150080318526
-326.0592300834788
-233.3881234453314
-380.56341001474834
-291.32706572600006
-1086.435022062497
-326.6835854592384
-76.5650108069816
-58.479964537304454
-318.9888113510117
-189.99214640317186
-405.3421214550342
-1308.3352172291716
-959.008289457068
-56.85846835328479
-294.50216651442634
-622.7589688735804
-484.121522352396
-338.6379607059745
-1388.8285155280914
-61.92841967606472
-117.5825292682589
-124.39607109214174
-102.05204315122242
-177.28575398700954
-512.5774359585125
-1766.3530121090985
-182.81104462681546
-129.49722161759726
-481.4260167656431
-216.82989207674754
-670.2444540235822
-352.4990017117817
-1303.0629497049663
-733.919777715003
-115.05857331990458
-790.820152956436
-95.51980157276662
-78.94804418877357
-770.8252032602018
-1054.712150603309
-751.6840737980525
-221.57173875457133
-469.1840420312691
-264.044446189258
-293.86019912495885
-689.5847083334993
-641.7449833036364
-385.70199798857624
-65.8367233414271
-424.93398474818514
-363.86983593000826
-357.48020610197153
-803.2365795428121
-90.74170048810402
-356.3927345433892
-199.37459715295836
-791.6199227467013
-221.06945370592177
-39.969138604800065
-433.6141589932797
-237.11090480853233
-377.949419706856
-336.1967234253942
-555.5263961258331
-213.7402483976994
-387.383505934344
-366.53791805055175
-44.65499170829685
-1132.5716231652368
-247.82005525627443
-418.1467690613065
-191.25094090972294
-321.3985831980682
-75.37412995881982
-120.8225447693342
-543.5560766330511
-439.1918963210971
-222.27723372146374
-330.0819351914488
-292.15644599036307
-136.51196504508596
-197.76006189868335
-961.4327366782404
-546.9376376717519
-163.35278010627323
-151.5831348425876
-188.80132198367363
-70.30986920118895
-194.01782461534427
-539.7162174373755
-498.5433256443023
-85.05757295866181
-233.25494042918322
-108.74521158663097
-509.3820683768376
-1053.358528096111
-1033.672726763612
-220.03156215387196
-146.20864723143075
-239.83441845904534
-81.0683225714186
-295.6013841043425
-957.9212615178297
-809.3374909981061
-430.0446021252461
-282.2290466825783
-188.49421836535063
-264.599050466112
-1082.5497515805807
-949.6541806338395
-848.0747218958602
-491.61534609546356
-159.69625393899517
-144.79348362112108
-35.602994009446746
-205.61026729972448
-721.6793078436776
-891.706319592621
-539.2348052481016
-51.12498415286828
-243.73747122859888
-272.25996839363427
-230.86971729723209
-931.2833493899517
-740.1543830361825
-349.06231880469323
-448.1160640110456
-190.5184925840764
-140.4442886411193
-201.12139762337975
-927.7897494378302
-797.4569076556984
-287.86713301604345
-378.0167078615951
-230.67556925023908
-130.12561899440792
-565.1161068799681
-1451.3834346440158
-720.8906617279308
-145.45488986687673
-357.4250209048404
-170.33554571619973
-457.94853783182975
-135.45099435065922
-1030.737827356681
-665.7378430122278
-357.9819980447867
-318.6613468205272
-365.48671892804117
-184.54546660279183
-199.70525011629456
-668.6836639850076
-395.6192708379283
-223.45565767475225
-111.58383328228692
-360.28455064198374
-469.7917955838555
-224.40084767384252
-1146.2465712126664
-558.1067270363808
-197.7455192486338
-354.6443179273582
-361.6294478302084
-566.480834958221
-681.7534511956369
-931.8280376863088
-307.414928344537
-544.2075445076041
-462.6629118486296
-270.7915259049847
-561.2330175826983
-756.1841544705098
-238.7915014169462
-333.9554788492115
-1041.054974509499
-386.62860966756256
-265.45677822009765
-496.9441600473465
-180.84833266540218
-144.8430116074445
-177.84756144182958
-618.825447477851
-392.18586774511186
-261.09522885204103
-754.2001567476595
-295.24561009241097
-236.94619577496104
-210.78597500707204
-494.90539332616106
-243.49875372096272
-376.1965126553872
-293.48520885013033
-625.4711606198466
-353.6467429464202
-113.22623490497892
-165.65408872338818
-212.6394665268851
-195.87439616861462
-346.91850793627
-626.4094258015509
-446.79828128030965
-149.57571926988632
-361.8073030831134
-891.2679766542801
-211.8670079262413
-477.5204188940805
-756.1583234041082
-482.9237129747787
-103.13620476163544
-373.2248568734586
-854.3344152213076
-344.20071720976193
-459.1383198984827
-1118.8948749227236
-228.96247393298927
-113.93465804736098
-211.89697502440575
-231.62168281243677
-117.51721295028548
-310.87865310705706
-946.318846981603
-113.27227624700416
-148.57206519552528
-159.55186058108384
-499.90066311764554
-110.01468318573856
-503.7599946844563
-815.6474585851834
-230.0491997402165
-570.4172623922694
-403.0219531966369
-964.7147058063708
-309.78075913477096
-285.98900351947265
-968.2339461659108
-83.92821380789226
-547.1995015939087
-428.32176031401355
-378.1544141575218
-446.69945182559667
-598.3106096612889
-1124.3667333168817
-157.9472408320209
-814.8323271378564
-157.0144149441284
-393.1064056891882
-488.04687541674895
-422.26585023715177
-745.6474005695688
-479.5668372079395
-683.1487337518926
-667.8630349868133
-514.5467257304765
-851.5772776600418
-173.98890061930257
-738.3362781276551
-234.86883030238272
-842.1155823556289
-140.99236782903947
-429.9853416745601
-930.1974743863398
-272.7204192365343
-934.9348088084819
-297.0927870906935
-1042.9517487426904
-251.6303192803334
-175.47090452269893
-908.455590262827
-319.6906195937391
-479.84799219217234
-451.40878810710547
-1067.8769003459543
-452.01779423026346
-184.18867777886527
-887.5193741784021
-280.81508957743665
-577.8327513299555
-532.3817112386997
-1041.1113442420885
-90.74093241888116
-189.14898778444373
-400.2741297658145
-250.37246634443818
-418.00095345805664
-1243.519381891901
-971.5804590293775
-91.76127753213902
-406.9355224990579
-739.8614877457296
-200.9855908018884
-634.2994876299912
-496.2518359894621
-992.8403207037065
-343.80824231650223
-368.22377999615867
-266.5534891648939
-556.1158771712117
-489.33666009601006
-291.1114668570317
-839.3076717857717
-318.649352409376
-163.52883472188162
-160.57461784859763
-228.57685487421242
-543.6463442985809
-240.52866622095067
-833.6452563773591
-282.69016875279124
-117.99278503016905
-425.6370612207228
-275.6271983501913
-340.49956472085535
-420.76536025956614
-545.2141985816762
-906.4587930587927
-318.1921849882275
-441.04563503996883
-157.45102211871418
-178.70816724589403
-274.8852609284804
-923.3531336137511
-743.1775202720823
-722.7440410791056
-653.4571153739928
-355.64360828570034
-145.0654413255504
-180.4778696617432
-1011.2282671586091
-747.1173988244611
-653.7797758780204
-316.67417152677353
-367.1063362039429
-251.96543287897285
-358.98041241982594
-583.8222520371605
-1053.1469912593075
-307.3318678162292
-523.5150144447387
-305.57529182633317
-180.84881490901537
-199.37209954263685
-766.5521892738386
-489.2401848935814
-313.03772835305494
-170.56997580313688
-126.98093713226851
-149.95661727487675
-133.38014286006563
-746.9305767376007
-651.8101775812302
-165.24277608853106
-464.09582851869516
-132.30927429887043
-328.81394739728694
-519.664612488693
-928.5236628734258
-95.85247885418974
-424.9278391850918
-503.27646870853806
-230.78243811122988
-367.9154464289918
-444.00260697861086
-823.6930649292135
-103.22663408764811
-256.9961420955189
-354.18688145662225
-141.31007190510743
-240.02880136329952
-149.96883232659079
-802.1482398507964
-173.22775488023885
-196.41554625283032
-240.40606760854598
-136.69833720021037
-452.6899196813829
-48.88424419914142
-751.414509025029
-369.22859954099033
-245.22779078196248
-92.59797277917687
-195.96546337301098
-341.7419766172568
-208.65636558435486
-251.47476491680624
-117.52628284158143
-307.7345619669246
-402.6988824396457
-248.14440310032856
-901.8266120571569
-558.9942202244904
-384.21711976444533
-313.1251201294545
-228.79267145711427
-163.27619405465728
-106.96129468754967
-231.55672738862248
-370.8544464212018
-141.2907678197972
-317.5934592676066
-209.1184912984266
-91.36634371239668
-103.25338267338148
-118.53407159374169
-288.888103544837
-238.76192512382232
-405.0986888031199
-229.51864070065992
-69.68754193048198
-254.60291829550331
-268.8821289173674
-423.07696479860886
-403.03728331703087
-243.71532668237052
-173.44700735444027
-141.06464336972167
-89.54559904779376
-623.4007875728762
-65.211278377789
-253.1587565634505
-394.65155398404875
-204.4689367758096
-475.9318213049528
-29.987822916553824
-329.97620376855104
-442.86751625512863
-53.18937189528131
-270.8664411297516
-450.1154865391079
-379.72945176086273
-191.55930564886808
-61.469147292054004
-147.15222997878317
-422.5899589241062
-303.45220241641994
-859.0365677824693
-81.63036024200056
-183.92494546408628
-503.39115876091967
-90.78702149303948
-496.168082335118
-589.377757069549
-765.1332162744144
-204.93550717728772
-260.66383978572634
-461.03554257986536
-331.12445132519554
-593.3091349428179
-626.0014138409947
-202.79017194088797
-383.5967487778048
-135.03730884738047
-378.405102952293
-474.1028678707278
-336.8897144810518
-667.8542388332461
-255.2360186412515
-218.0644372875515
-252.52716780371748
-594.2252537886454
-211.3072086953858
-480.56796917220765
-445.77541875593283
-621.0975726077885
-287.68828824351516
-280.3244135132918
-486.26627109245936
-126.3040778528669
-55.15936283608133
-479.75268673123924
-600.8990471703976
-354.72282206561863
-50.91889929978768
-473.1682578011256
-357.50500838828486
-380.03309944861587
-413.4753632149713
-412.03425595116323
-237.49145040742133
-131.81152287799472
-872.525067112264
-307.2605166548851
-206.9343693095272
-423.7472663714117
-549.9326062229119
-138.86302305996014
-90.63422338730226
-634.245769929055
-174.1772437034203
-416.9717091838373
-274.5577152594685
-473.38073657332666
-64.31550910757952
-94.5382295836989
-202.28280243842286
-381.8141352695585
-125.57855559298554
-563.4348052068881
-464.01119827049786
-128.03115077730408
-105.38657222054607
-68.34743168991864
-376.615030169637
-702.5116527275568
-597.2461573153882
-212.6995438487379
-70.85517048112129
-133.8594744258477
-129.05823590291786
-231.56981321365961
-18.797820982305154
-758.62837985162
-117.58789234337578
-67.78003366091937
-115.72974862095523
-80.71463554523845
-367.09851155745156
-713.2949395441734
-701.8038234554554
-79.96047449973776
-99.82865460578819
-232.72085756183324
-220.616323453547
-206.38358001172747
-247.69289917532674
-351.21819661032214
-440.71953935276883
-93.10125266516215
-161.40814729915417
-233.25272831272827
-665.3985033255183
-369.61104025154293
-613.4889742642617
-274.6549793254708
-64.30422797588975
-29.606047898244924
-208.94207320664438
-374.9320083239397
-643.434050826471
-452.7920935834795
-357.56787592140006
-474.05160693225656
-316.6319525842206
-208.45353284035255
-82.69525443808777
-563.0290760613534
-875.0517150471944
-297.1230105697674
-866.3745442972379
-321.61737934829284
-273.28928844042554
-141.04780397680864
-524.0955869530172
-96.49005597743223
-190.5850110189246
-431.32031646608664
-550.018469837159
-395.1113795712921
-210.1917923787433
-709.8266911521221
-695.8562586536642
-211.07441599265653
-802.3787347385617
-738.6685702150396
-549.9150873191936
-203.69762979123317
-275.4210791431094
-45.12033996068163
-123.41528282859576
-496.4545830402559
-113.55287523284795
-558.2814510198212
-360.5006140076603
-243.2271547411745
-689.9605598107396
-380.1239493816799
-166.7783977011452
-515.6234537664695
-557.6072440122382
-343.5648270754401
-413.1712792415242
-883.4851886146746
-67.257249440203
-460.00887503719224
-270.1249280706006
-115.23802621458901
-483.2310286556127
-720.6480865327657
-748.1373339144566
-148.93113585363136
-379.31824115145014
-74.46659658672323
-155.03537386064056
-581.5366938882576
-508.15263112899174
-217.773338016123
-160.03720897463486
-262.672583636706
-325.76817657739
-403.3090497151558
-230.3500642396755
-811.9867748201
-113.73846963944021
-32.88263737606502
-384.3730767716813
-129.8646352143545
-106.59524691638444
-55.9162773828744
-843.285247481839
-109.21798115119742
-171.2002699379796
-645.5911678077852
-772.4714666174413
-324.9336534497221
-287.1353783846448
-654.1770874869779
-225.86068354079364
-289.66917060955655
-191.46862671498445
-141.55075240980827
-130.4370906859057
-141.37246157830748
-926.4397272227201
-82.78569577105355
-548.6724662962214
-700.3898251926627
-291.1064167532075
-126.23456121859701
-589.8316249355147
-290.63228691599284
-60.1749061081841
-659.6817116262603
-504.3257338439466
-350.14710587688523
-417.2984516395286
-305.88635589466674
-932.6647583115678
-63.51061023832074
-131.2896572667751
-894.1678232060527
-239.64740313118386
-31.670888373221658
-229.15425079785226
-674.9095164918945
-65.03693042636695
-370.2591699671679
-723.876171279566
-69.83008788013831
-168.85496042407908
-383.0458809060354
-626.6884599019868
-121.73820364868052
-367.69824314087447
-894.164017384797
-245.38696057611483
-307.1027533962663
-266.74154497957477
-661.1946999087132
-168.9844158797018
-89.03978770811278
-499.94534147846053
-434.41915656782305
-319.5450367943178
-626.9787026651347
-784.2831810127468
-71.64104455802374
-270.3193672112167
-636.7706978350021
-418.1650890770327
-209.78672110641915
-295.21768800527445
-959.6667267799049
-91.7152491459637
-238.0526615954546
-543.1938833138705
-264.6726448663784
-272.82542508121014
-312.55741811342256
-1017.5288846480762
-206.89486980638284
-94.47905101068028
-212.53466282316225
-410.1789602420168
-115.57098038684595
-224.73230821609087
-690.8967177612583
-145.81732710814165
-391.1640438655224
-262.87367720328075
-720.9749355069896
-266.63358643471065
-178.4847756666851
-1287.439306348364
-222.70559897472452
-510.1298352102947
-450.770519097701
-605.1239437584572
-376.59683856872675
-253.7283698261899
-1384.4862852868662
-96.2898100854942
-453.63760129979823
-620.388129192597
-366.0213820436572
-220.81277312147932
-132.53104011345516
-1280.390222794524
-235.8369069884804
-561.9504897920916
-667.3285036999721
-442.5252862575858
-254.94130378418197
-842.4914283761221
-683.2055545947695
-416.55182043023274
-293.38480783395175
-178.0158065603416
-203.02583813612551
-336.1488216360718
-638.1537675942072
-916.0511438573774
-82.69937166785073
-454.7023211572465
-145.5722693410829
-471.72424840812243
-99.4194285928038
-650.6329744417042
-885.7922770310474
-82.35564109286281
-460.29702973539656
-653.491236635567
-659.3933727199264
-43.17006526862784
-817.5852015247555
-853.2109239206277
-181.45264135821856
-334.28176535771706
-349.81291831569456
-286.04080841741137
-114.79140413757787
-687.6225752703385
-751.1084285586101
-368.08970428622916
-153.10481042731672
-628.5686029071908
-322.925173565451
-329.5842255735872
-774.1227170557299
-734.5057423868016
-313.7032913549409
-66.12577398654855
-120.09293276074919
-482.93566705895455
-417.92688725865764
-246.67221487985773
-576.7795762622272
-272.88012541180285
-341.16934547195854
-230.41616723950168
-455.77747716903605
-329.74241055902223
-143.81496849300945
-679.4819641491935
-292.0779162311428
-49.56800584486314
-124.7987581441927
-391.9291013486875
-72.10774090327703
-374.6178214771298
-603.3233599528123
-93.59866847266679
-43.05137375717365
-215.04450171574797
-404.2840164249757
-119.56339448041197
-101.87031480539568
-352.99744209071025
-208.31143535118898
-284.74204502618096
-248.4525491037953
-311.88198996548556
-82.18607453948496
-150.4906804406439
-371.4340458003057
-297.1236289241443
-163.76308707998072
-96.3699582948866
-239.61609476927848
-401.02772915351386
-265.14907904980635
-155.70641924808916
-225.41742664666617
-182.70432088927643
-92.1011618379384
-221.14473711856903
-193.73294632722187
-616.5836100354588
-321.01503648579273
-78.62237053252159
-35.533688155075424
-795.3819482107297
-208.23246214557062
-229.29318027434948
-583.4614996566243
-236.0619486547253
-146.19298493360643
-127.35469927182865
-175.4616374640571
-119.06729139019549
-221.05654583958366
-733.1040328705269
-161.5893985821204
-197.33479606263901
-194.00801593263722
-119.04384208843828
-140.41149887145238
-204.61735933631115
-510.35409461461575
-113.31902430971948
-194.70481706899213
-278.1304415789274
-269.0656132122699
-335.7444964268798
-119.50472074994298
-518.741472273304
-329.43689022054633
-249.57310843813082
-270.06064820981226
-212.33597161192202
-190.23541129091598
-236.3355510849518
-110.62618196842186
-246.3477320002905
-35.53327873342144
-436.52226172992636
-324.8772783515882
-146.2456777463049
-359.8829514887055
-340.43277818402515
-70.95858465909038
-121.9339194556218
-595.3464868615823
-257.08929649336613
-194.0658132584104
-148.59332671134246
-97.3386507967557
-968.4133119487433
-131.74973597097843
-158.29716549065986
-141.61959023381542
-268.19972962532177
-170.415985945523
-105.90242421751009
-563.8644701836399
-161.3811378901807
-133.0352176969212
-75.70259606796895
-159.07353202138174
-416.93398080381536
-178.05393238328892
-601.895655662208
-123.7864398469894
-372.13841630274317
-266.90685062767363
-202.40117896446012
-229.50187293057365
-169.0276514425137
-159.26212534149687
-97.94204731259117
-512.0024971886687
-127.58606316707855
-106.6861939366458
-313.03353989292935
-41.64222071801569
-579.504849836783
-111.43607562553842
-215.48850653681077
-126.11869739889593
-144.376684175647
-302.5442993313134
-495.5038039952087
-283.4306593096943
-134.6599100822603
-91.4610461121944
-487.9764567710956
-196.39821017804627
-145.64199746484545
-233.4639864193939
-600.1771085020853
-136.24788894316356
-85.4927473358612
-374.30055623979206
-368.3272641202174
-158.9104681354894
-312.1386393941136
-399.1296876124664
-257.4768757312779
-211.4662702970846
-221.40190823968373
-102.54893244983316
-166.13966571133238
-200.44190766763737
-737.8904473286273
-238.0461955365708
-157.1392377366919
-300.3937237627466
-263.18668364659834
-342.62830231660325
-402.610139661458
-649.1067731595233
-125.7379212094744
-184.64481384454163
-326.56716940577513
-257.29268126183325
-292.66367720772894
-451.5485202944527
-669.0617075515388
-164.34142181187016
-47.79114773773318
-359.1342178325982
-101.87707954667138
-182.71012692296196
-93.54955741846499
-591.3288924773128
-203.72534714409926
-167.67143426893378
-179.6055514463051
-39.17074866836083
-375.43436135586956
-35.34828279308334
-573.6493037845191
-179.99597236754082
-84.42770547231967
-184.47855425027623
-57.398292238987096
-223.11224473793578
-463.5643770459265
-374.0527991065511
-211.34925600218116
-96.73262196641002
-174.80168531716083
-137.75905339422502
-282.08081327504755
-324.20274148475266
-305.9236678701386
-34.57514700820386
-73.19962721454456
-354.20157949046455
-226.00178975341973
-352.22465439797145
-208.81655236327802
-53.221540808012804
-268.94756690967347
-314.5196933523867
-318.5169166641134
-348.8141455196195
-417.1071760734131
-568.9721345156763
-408.70806092284283
-62.63554170098871
-179.51218267870155
-192.64885381501645
-431.2311637613396
-750.6484770539612
-263.6704119837829
-466.8073583690258
-302.5113690109275
-120.0475074115065
-214.02303787725495
-367.0951170908871
-365.5045012803789
-534.6893989677483
-917.0571613964948
-286.4088645371245
-196.80272235544794
-288.0608415463956
-119.49672652156667
-220.73042151087208
-749.3462431695862
-1161.8764794663248
-132.626041200606
-105.02026277186172
-385.0319653320462
-189.5903794578159
-27.3858718599175
-406.2808877017178
-1036.9344767362286
-387.95911686672923
-176.95282253330333
-482.9891132239877
-48.1318788455273
-245.03509725258445
-213.89144604681465
-962.0729625232306
-116.77411071819603
-124.68914832919623
-254.38660658410024
-316.8019644528069
-86.00971882208074
-436.11349346644937
-603.8809258787536
-536.9542717263298
-153.94065170343677
-371.9102037099577
-96.3492925425202
-74.88933939640984
-463.05216721113106
-414.585509113281
-179.94628159899696
-162.95626528616177
-303.08887803354537
-199.40069219912723
-51.94812433805518
-324.61520421332176
-611.304226133004
-238.28065290162374
-273.23007251505476
-278.19815364901206
-367.33609576643096
-127.16238522079604
-149.48387652508475
-582.6399340739597
-164.79941202787836
-229.23017118457813
-52.7661099268573
-162.85937439480193
-59.2535531698793
-266.06704926431894
-968.3073500697612
-284.2701696991604
-313.29067500096505
-272.71168832588575
-328.210565705716
-60.485497349121204
-315.7383459987576
-791.3079218532268
-279.8374853393341
-251.76251089272682
-281.7443874123879
-156.3371885306769
-243.40811903882408
-292.94243151629246
-604.946318696883
-461.53911675334183
-119.91638365566962
-433.1395224426182
-20.862227478280005
-265.95635061018504
-386.94919820080474
-425.0844278566463
-172.4416410994057
-69.50029081326241
-444.3079320855689
-61.87472901160086
-292.8775089541473
-355.9280706000833
-129.3047418252905
-127.47550697557281
-91.70183516772661
-664.9257437781167
-250.36994484389615
-391.8246639599081
-320.0946382292854
-792.9030111911385
-363.8262784915922
-223.6118681759151
-529.1231335921227
-437.4311557854145
-336.80117884281754
-366.5079796065688
-795.4293736649546
-128.11671185438968
-250.84461219660417
-472.69242298209605
-428.4088307618124
-731.13122112947
-260.25984009498836
-653.7431577592112
-150.91382589209195
-415.4127237222552
-109.43368501283297
-403.2972895225526
-274.9632561448459
-266.49010417988177
-542.512206066569
-76.69345318041363
-421.05197605659873
-567.0650372773013
-421.96517377459054
-255.97838651340334
-434.6013122587288
-470.4674384634839
-243.60768367617843
-221.27540176724668
-636.523182414162
-298.12565796711294
-472.59311963438574
-150.91169497708316
-415.95945012737457
-177.70969391299937
-222.74298486988778
-154.44239658457394
-277.24020250463366
-438.5993167652093
-327.0024144619954
-1043.7581894946202
-85.13942453918321
-232.1784419380925
-453.1301690567044
-231.46252162788699
-583.5258803641543
-593.5979517150492
-528.1676103676415
-50.658771790988055
-296.22732076678034
-477.9460827009784
-120.9894434571556
-410.3095919116141
-316.578872910001
-153.5563022800575
-28.617992796788826
-303.37916857384005
-203.95816895438497
-322.77895642583553
-506.42983361664204
-984.6653866161906
-132.69853448873462
-77.54051741787154
-418.3812514946554
-159.42646272556024
-628.2376440129484
-160.8676920830254
-1206.5532696498406
-147.5232599939222
-147.30501158546838
-218.49056241356783
-362.1299957297408
-429.2309758465642
-171.38201175066683
-1072.2870207476258
-523.7444606799642
-335.0995049246703
-209.23713230276488
-225.90405543647063
-255.82355989330068
-111.88512254981973
-890.2318030063213
-216.16295136978422
-280.18900470222144
-155.23313357286517
-338.8537601603946
-337.60599410441387
-323.2577950913368
-532.6853779277503
-196.69669333622994
-185.34733966035486
-32.19924992162845
-615.2773030406889
-68.18414647805756
-103.63846901566725
-600.6904143798647
-300.0985833337713
-33.18838599822331
-257.85598301825956
-495.03694119453564
-461.7236134807374
-215.84036701390627
-682.4530901321975
-214.61459483849768
-143.93029438408718
-279.802953219599
-355.9565654822866
-532.817447231713
-237.41775339729273
-500.6100196157901
-97.58831895255477
-146.50084046419664
-105.11722133110169
-694.8585934696173
-528.1520957265417
-223.92970098683392
-352.27881800804056
-352.8817116829723
-48.67733026634656
-210.54181032450325
-359.02061670795524
-297.0289280901252
-175.62597057771924
-358.83835008828305
-247.06500378045266
-72.6741201839479
-161.45528343409268
-370.0118272450527
-313.33495727269803
-100.70940855243859
-187.59584429787026
-633.5700827082253
-59.58550280263992
-294.49670308178986
-397.09180722254655
-248.28745798332096
-298.7116388873367
-74.45667601584134
-692.7137806091164
-174.77982706762737
-332.70082292962485
-43.51986705195171
-115.98023819626624
-501.3635337590145
-73.63763058009658
-490.07365613534364
-144.01678722480108
-325.8256190613331
-608.2854167549219
-298.4809687342371
-325.1276619894709
-268.78987123700017
-533.8228780229447
-287.4873040486312
-346.883249940484
-357.0315504897021
-189.65790329157574
-339.3839630718917
-161.206108274316
-260.91620328225025
-623.4561515347142
-365.59608397307414
-401.75765898302427
-382.97534675665304
-296.9642491995862
-97.53109839319532
-450.9472687593566
-532.4266435245246
-218.19453790741872
-158.46938816300315
-214.52838343367543
-492.8594812050577
-250.15694594705462
-518.4934766014367
-334.2774341462946
-312.0836524703391
-132.68160507820625
-256.93314794145124
-581.3837223064559
-207.86090067200095
-728.855625729952
-171.45085492121726
-329.25686386717325
-48.08180549852807
-228.24010868219034
-622.9237456370086
-185.45716130799116
-486.30815059123563
-197.58270641756633
-150.18472751266208
-92.23402125711206
-180.168645019664
-376.1949584643694
-178.56069432213604
-500.0342334891426
-666.0152345934638
-316.6205128811134
-79.3320538024486
-154.60611422097645
-554.8635288324485
-294.0065917009995
-531.2689707424892
-783.123785093763
-280.09933654731253
-94.0298213538112
-134.43550052224418
-606.4857226107201
-148.43436970368447
-456.15276644568775
-331.7754556782275
-157.95389532060895
-1166.9788432481719
-16.996044764078135
-111.01504035894641
-307.9662628912233
-603.5228423928359
-341.3970469706378
-45.67547601362651
-632.081396069217
-158.21795758525863
-466.26593521462985
-200.43298473147792
-809.532480373195
-537.9206361830653
-120.1174190097378
-259.9088099211949
-115.40734940263044
-172.70311942808286
-169.38929720375234
-852.8303187447888
-118.68598394496775
-100.742320057098
-351.00858134604937
-198.08699846027127
-260.9368918327199
-274.8801177047946
-940.6976223197655
-40.42655507238388
-108.58507208170823
-302.8769708176403
-128.1563582284736
-513.726156351442
-196.98166834846376
