-3.6735581336949655e-05
-3.7057656578492334e-05
-3.7174897886039364e-05
-3.695658569573823e-05
-3.689208897246915e-05
-3.687514863661423e-05
-3.674629336484422e-05
-3.690416590508491e-05
-3.744889909434654e-05
-3.772321820783922e-05
-3.74873390589843e-05
-3.728011155364475e-05
-2.7744940707519203e-05
-2.8600735589234815e-05
-2.881875717355986e-05
-2.8232399754285484e-05
-2.739081961148082e-05
-2.681056045413799e-05
-2.6692397523081497e-05
-2.691278211503223e-05
-2.713772383216018e-05
-2.7158569396321105e-05
-2.7029494293667745e-05
-2.7092473052486855e-05
-3.653251528529071e-05
-3.6592696941154315e-05
-3.667332001299553e-05
-3.66592115062292e-05
-3.6327235734994255e-05
-3.588646293460861e-05
-3.5648387580431916e-05
-3.5792007416567474e-05
-3.623949234983423e-05
-3.6663360146596896e-05
-3.681074473874252e-05
-3.674530335410278e-05
-3.0890615928239744e-05
-3.037710732933449e-05
-3.0159468384120118e-05
-3.0685275539489576e-05
-3.14436656948882e-05
-3.170785684833595e-05
-3.151752839667572e-05
-3.1132874524229454e-05
-3.103862403692585e-05
-3.098923759246655e-05
-3.097170528558735e-05
-3.114476389081758e-05
-3.147003508070095e-05
-3.1475475118515615e-05
-3.164752702432272e-05
-3.163802954870148e-05
-3.096121093117965e-05
-3.0327642158899104e-05
-3.0071806514825326e-05
-2.9970301929489737e-05
-2.9795266677282164e-05
-2.9708584209484077e-05
-3.007189095744073e-05
-3.068405095179444e-05
-2.286064571702939e-05
-2.2542810055690977e-05
-2.193555592902713e-05
-2.1186077338976318e-05
-2.0419594663120126e-05
-1.9526848556260938e-05
-1.857315302795995e-05
-1.7911677498683164e-05
-1.7604305621024554e-05
-1.7561482679092492e-05
-1.7557957561514793e-05
-1.7610046997081075e-05
-3.0403657853107777e-05
-3.0139030800047094e-05
-3.0300326551573056e-05
-3.050624273347319e-05
-3.0452843948661212e-05
-3.05849302372499e-05
-3.1041112007916535e-05
-3.112889331765845e-05
-3.109549778826798e-05
-3.095605631126264e-05
-3.0767523762642576e-05
-3.086232181777476e-05
-2.8385799387141422e-05
-2.8642571275616643e-05
-2.8937843324199072e-05
-2.8853586054371214e-05
-2.821493980562917e-05
-2.750520267443407e-05
-2.7258538127376836e-05
-2.7294115943173048e-05
-2.711933570966191e-05
-2.680866736910342e-05
-2.6675934263370447e-05
-2.6738295269959633e-05
-3.367636682377606e-05
-3.335223218620675e-05
-3.300033543718328e-05
-3.299112063946952e-05
-3.343949555949799e-05
-3.403865056105238e-05
-3.451625363835031e-05
-3.450180163681593e-05
-3.4095465651245994e-05
-3.371881578160263e-05
-3.34117703581327e-05
-3.3161318178784315e-05
-3.827067165693975e-05
-3.8103283206095285e-05
-3.7951193816851426e-05
-3.788664964058518e-05
-3.791691240411843e-05
-3.7951482272615164e-05
-3.816234005607059e-05
-3.8241931857831e-05
-3.8036304830333365e-05
-3.78707138315545e-05
-3.774911100420054e-05
-3.763888447289718e-05
