0.538339964501937
0.14645598602087892
0.7253827487142221
0.5683684504691646
0.7297686418300199
0.5772526902927602
1.0287977032214035
0.3099019177522959
0.6948272614815034
0.9826121355341635
1.2367052605134938
0.4466393008745457
0.41188751400959667
1.0877998847402983
0.563684250795663
0.3983916636117116
0.5758795015999773
0.43540910468412314
0.7697924118798138
0.9530383358888568
0.6639680261360325
1.0009303068076705
0.7845235233058606
0.7337193834965184
0.645893419442375
0.6027109995579668
0.5657749447737361
0.6803192303251863
0.6461232261554539
0.1582675781436978
0.5836479656948127
0.20383068883017977
0.8014715993703341
0.7656050202991596
0.20932359469291367
0.9905035437843043
1.1110374426462493
0.3003056836074355
0.46232229575845823
0.6773040423265164
0.49109294763770217
0.934286672408771
0.747101152130125
0.5874942655272073
0.8169623756671924
0.8196693569669425
0.4052241672636027
0.4699216493129007
0.7028925893664167
0.9351332433328976
0.6732355118902503
0.7886310191083172
0.401962618073627
0.3652045514186695
0.2309603700412942
0.562990144553809
0.8010988920405088
0.14411941795262267
0.5829877684373759
0.8333038476066562
0.707117600639979
0.18815272354255294
0.30949303708478787
0.9823663409714397
1.1618053752140554
0.3299180929297827
0.18146901201447221
0.3338535368928311
0.2597633728745385
0.6008732967531776
0.716616419926845
0.7666906732625762
0.9882798937948661
0.9518348280558856
0.8006628413284641
0.20148955618768502
0.5249626987844103
0.9742257262257106
0.5937302925469845
0.6704642314712694
1.1933522820744582
0.14540952253741146
0.23231579221517187
0.3572058888800524
0.17316120510403818
1.1582178846926545
0.18642131375795293
0.8724579487290083
0.5439801883249307
0.20215905427441402
0.5344255801489379
0.2700100109321711
0.24936747272545234
0.6726461030088654
0.4716344671027192
0.3468048525271
0.2598139905936642
0.15007283597087578
0.4295956432681764
0.15498726237770574
0.8020526189120195
0.22596972263105022
0.6229978007984003
0.9577757620209264
0.5472384926762066
1.31933035048861
0.7355225180704471
0.3028381895098806
0.23258305162318174
1.2129644203275602
0.7972939663118064
0.2395629004887987
0.7650588246028845
0.5550466408183554
1.0706425437921543
0.7764382763750595
0.9491383492736022
0.09844153930720904
1.344696044704151
1.1288833835769663
1.0848177730676125
0.719884064670337
0.2056701633711358
0.11062063145903517
1.0117005737907514
0.5924610756827782
0.8161965545524471
0.16974591465937516
0.7896154782053587
0.3127987164123503
0.2021769072905091
0.5609821160692253
0.589268751131216
0.23759500487591206
0.5641968917158503
0.3154243496986424
0.6039422144765
0.5480916734365907
0.9490870458531252
0.6956127564452448
0.8867491817106514
0.1540848937404367
0.7009733589331766
0.35212644674538707
0.29076245140782514
0.45581643224875323
0.6989793513139366
1.3650095140283327
0.6830250030389555
0.7752000346282564
0.25375879779521576
0.3444537885852541
0.5964265719369795
0.7890571948923304
0.06636171653664975
0.4938079949537434
0.7451386004493975
0.33294459642813123
0.5182620174577393
0.812234472891438
0.24769209865059766
1.110579695840763
0.288850089093076
0.6918896694606371
0.6763880091674573
0.8024864487628564
0.7298423333736668
0.20326859423015775
0.2763841914038039
0.1359937166733496
0.14014606007850183
0.7396535302777912
0.6219588553935333
1.0684758921546245
0.7521831687275169
0.6431661358510832
0.40559533715067236
0.5800476479999771
0.5568693635579849
0.7705391391615303
0.8248718378905502
0.7554379399214513
0.21516005567885013
0.5316094753727487
0.5938647071185875
0.13391808574082756
0.6012533454744761
0.17946011639972526
0.7200639951231045
0.5620637092010191
0.5871718311236568
0.15872946862976103
0.8908698357151316
0.5179982222409508
0.7199093664447642
0.24630534422391376
0.5874208632268486
0.5041573199822057
0.8411177127327326
0.605851286509547
0.15316470330512036
0.14810476785689236
1.2196782835355149
1.3563435689371175
0.3975763116623863
0.6952534817312565
0.9414042373993997
0.783954524871188
0.8057138028189026
1.0546520981498027
0.5530953371549968
0.3420799104722653
0.8630947692425487
0.5274195134948646
0.18055227088154213
1.1378368378965644
0.4051366479099228
0.16759291084928557
0.9979916408367315
1.1667198649236958
0.711835735797595
0.5452551899027116
0.7044697038793805
0.17240236193907577
0.6807642691995216
1.1606250286163635
0.2528256051694933
0.8817243642429521
0.5078190982370139
0.6657400747241807
0.25112535086799914
0.19516222463251073
0.8642136904436487
1.213573005140268
0.6398427350794736
0.3517309965081452
0.20488070386864937
