2.113423017154916
2.788116624499871
3.47928319717888
1.6195834914600304
0.9027156153980906
1.3527395406725937
0.3783624429463565
1.5072633159663302
1.1787324041823384
6.697245326193214
0.7822340348472555
2.086180945773004
1.098712427731567
1.2090694740595935
1.5264672615748787
2.3095229648122184
0.9361465912465493
2.0873884124226176
0.8053126378643227
1.3777508596837704
1.4193340879995031
0.8974299813970167
0.9996222795183218
0.7295481332891609
1.6205580091047707
1.5613924191265693
0.853768007886553
0.8748664530519458
0.38247862180614867
0.7565393311471464
0.8356854255536447
0.5539543630312433
1.7102851815778843
1.1010188527443665
1.8420976530507644
0.48717674996898597
1.7837892611821378
0.8324272600848237
0.7768794016903806
0.32136014123060824
1.1038825027569994
1.9623028910015006
1.320941570943142
0.6098905685165045
0.4869084891020132
0.581737293347486
0.43245364420640486
0.2982100521381827
1.1848850055667468
0.9375402666243271
0.5994912900584111
0.5471783390218897
0.31680403074339225
0.40524303808141426
0.3443662567140487
0.31229544216117083
0.2812254419624218
0.28091507149503614
0.2476470043952839
0.31891803884330344
0.24785994889245178
0.22783122796188662
0.24460745038463222
0.21977603475206806
0.22777182361927434
0.20749224971063054
0.17454397259093604
0.18840364381916622
0.16990695155899557
0.15155716069821012
0.1424844889488865
0.12382925037212332
0.178904921138737
0.15622451086554134
0.12360514688424178
0.13851876810582273
0.13974802962980593
0.11294958660356494
0.11803155295581524
0.10792444094652537
0.13530499593715267
0.12277658044609974
0.11270609367321816
0.12775973741028676
0.11273258508417056
