5.752315834868776
9.421202707603102
9.62963160261702
8.54940757795628
11.08589527617564
14.611611367544477
13.413854981382691
26.522724360596143
28.60698986284339
26.93079656685829
39.42032020336344
28.263952064297584
32.667713496162726
20.473585236403355
33.95976640412411
33.45220697795269
44.105682621054484
27.8433032751783
32.648916512462435
33.36759313220481
27.935599915681518
35.274668872993125
62.2497010714558
39.81727606614758
22.882104961753605
26.917405754962353
38.55342125631597
44.89035038982544
37.712522278587294
54.976481013696514
45.09616755736549
79.78039955541682
43.22391145322413
118.27784246150944
56.94390699128668
