-95.50887414407049
-643.196367354987
-278.3848058900684
-8.694889646797543
-162.88497137008451
-147.28706769245318
-1101.673650786806
-1188.8395194397451
-661.1952836360472
-932.8947325124559
-329.3937559837822
-459.54772472883985
-252.20203327596423
-613.7301721795153
-938.7423062097035
-293.4152022990946
-322.12350607286413
-751.2972334461616
-78.45302887939333
-308.4333951604225
-599.7985884933502
-66.82284360076927
-297.2549478332117
-206.37452000985527
-474.79606477351444
-327.9223264516236
-350.12115982291016
-464.79046982130234
-204.1361734832866
-907.373799263204
-233.75619166409558
-92.2702781485393
-214.0414331257416
-951.55977260437
-332.3100758245781
-848.0166645672873
-127.66979681600506
-665.2876693522276
-411.88671977123215
-513.0287605049638
-255.53613898185463
-335.8670596298914
-593.108145366719
-1113.7267401305894
-909.4405640411261
-431.56237659458986
-408.27592960463653
-270.66592807745747
-501.3289369535042
-393.0058236884928
-178.14228637821168
-109.85087657713358
-498.78884820794343
-135.5017678870208
-704.3562668603668
-169.4685079680634
-331.0816439798051
-203.357573636918
-341.4055431780102
-475.80150726492224
-382.50187301197144
-93.2931849518839
-249.24498364305612
-77.96023191534125
-506.58765016536785
-438.5807912827427
-934.950386128732
-569.6927176522643
-760.5457004132586
-580.1980123002204
-641.3628230709454
-784.7620066687881
-541.9083353485388
-467.8689484281528
-329.90039901217693
-925.0262144838919
-432.48116446942674
-552.1347524960394
-379.1482467245251
-865.493620236868
-905.7850540504982
-741.5348314619952
-480.56025969149294
-444.9921005755157
-891.7510797786732
-684.1042214244374
-906.6564056983863
-118.7710059549875
-362.07317884743316
-1045.5889631998855
-96.45628701462331
-246.73579038201106
-375.0912578400326
-759.5018766575837
-550.5518433922239
-385.79293203049224
-287.9026538165132
-550.1756749233921
-720.3544459480617
-498.18584581246336
-233.61287558197054
-152.20997311914743
-1008.2237469680481
-881.9866027779423
-483.4378834461127
-922.2114613890966
-374.68768423248207
-1064.154278780685
-285.7639505608081
-279.0163572721534
-555.7129093035511
-819.3730614501212
-180.88240933998782
-543.4711515492133
-545.0030243674186
-640.6697942373654
-629.8805822259699
-578.553856461069
-705.6609758274569
-344.06416199812884
-671.7796734118308
-1325.9235800077429
-238.2094654354621
-256.9040409209801
-335.0690714505916
-781.1376143542572
-1116.6727589177203
-710.4039462527821
-459.0684517378695
-355.0718696700429
-1082.592243072958
-439.7894966432502
-472.1776053904782
-893.219218890269
-880.8769977379038
-648.7270995145528
-646.485678785119
-437.45999865080194
-496.151845272767
-995.7726243829892
-599.4815946677452
-1066.0663008529827
-512.4255380513075
-894.6243305401864
-603.2589756614572
-750.11498613955
-421.7012704373048
-563.890740423349
-744.3474173970709
-833.5686912464026
-1110.1903645524364
-595.9559537301252
-631.7146704479118
-602.0698219622121
-201.48935565534907
-839.0516237518593
-430.6058406957483
-291.5893623785029
-892.337540747397
-211.37421005334488
-748.0420232815962
-670.193887245039
-387.2537462559906
-257.7885888678582
-84.45177210125536
-898.8506236741974
-313.9322387817984
-322.6204625528042
-75.34520025108748
-461.4293399660944
-475.1016110534396
-448.3612218562474
-1018.5450529816289
-629.8726333895504
-420.98043890602816
-225.721132638758
-720.1716336914922
-486.589529077045
-898.8239107788916
-468.65762985527266
-395.8326286299773
-169.89483009308555
-573.3342998832907
-1201.9452549986322
-391.3865784301259
-712.7989291988924
-1153.9218379978865
-1215.8613926281198
-710.5522916153036
-369.30785203937603
-412.3230659549217
-927.0818705014113
-82.22174127684396
-535.4443284730778
-980.9975318561854
-674.6127615503531
-441.56327198767855
-608.3592631625252
-1364.6770837995819
-538.8689516434226
-224.03905640472112
-714.4828329806514
-1155.4760436134823
-825.0395854799965
-460.1312082635106
-385.07560984223517
-779.1666914579407
-643.0138772991154
-185.93914892860315
-524.1562486388407
-328.0969208686948
-165.82126543725093
-376.50625677801986
-807.8271666165713
-468.22750872330323
-753.6175099507191
-880.9735328570633
-130.26364376635354
-356.5944153204641
-1277.6829579589578
-348.4401779329159
-382.7729708453097
-312.7377598114008
-453.63113425554656
-406.54649922179425
-585.9280768901818
-988.737985604004
-284.11641073918696
-656.3399672416114
-496.7552019635161
-982.4259634742209
-684.0688478090749
-1477.591435331627
-830.1412478247248
-442.5410098918912
-688.6055780224906
-480.78251332756633
-289.3834272411944
-661.6410303346534
-88.7570198280177
-219.82277506212904
-1290.344463409629
-599.648272075184
-647.3058642295176
-283.85507033027653
-700.8551247011907
-572.118544548315
-371.06582813926326
-294.6288994839465
-389.38649247695895
-304.3102867119718
-388.47472322556746
-887.5482116104031
-356.20989728573295
-413.1226381424128
-398.0659550855285
-226.9811288017198
-569.6996104706033
-556.4697736166239
-348.10577789878005
-927.9303333670568
-876.0694359540767
-354.81499322604645
-1260.8137263172678
-1276.6891191014965
-729.7136811898603
-204.0606447003882
-541.766600474033
-72.52238219846807
-297.74412986291406
-490.0777143775338
-243.6885981846258
-645.9630236721769
-732.86960600385
-126.76360338403929
-261.8128329736178
-603.7525784665321
-380.6646121214144
-488.94104243898175
-250.24209280755096
-407.676185383663
-182.77155765459148
-858.2314426342551
-92.13975568185853
-543.6948795575219
-138.52768608412433
-397.93438828586613
-905.3139146187876
-764.4420236539585
-214.44568491007203
-285.427847207964
-763.9741181682404
-408.55074404290895
-604.2754574647706
-332.1719459742465
-328.7256406293517
-125.08285474787822
-327.33464223942127
-896.3036077918767
-87.69832758573696
-304.5128954941207
-392.29609687868555
-706.623483520603
-785.0586551040841
-883.1481669091306
-433.40258039544534
-249.52722191791818
-165.84458933464717
-992.9500644488669
-368.7677905882589
-284.09531538994077
-536.407668131255
-371.19683196613454
-309.55677653363557
-849.6242197308627
-589.9108048252061
-490.15889016691034
-253.4347905504901
-550.0310925962741
-291.1878868692147
-201.27472769694907
-349.4673430833099
-468.43117327346397
-83.86516084907834
-98.10961870498514
-639.2599036579809
-1063.9917131844877
-1176.856072916452
-95.344795648337
-151.33788442596423
-62.483815301968136
-63.28525623030722
-197.37956440033344
-88.2562445570188
-424.34269062753094
-42.10942709639467
-57.969885031692435
-102.18361380705743
-233.4447005282407
-124.98351679871037
-421.17751375299815
-94.9832115773361
-66.81280423311486
-41.02974930267947
-19.18653116547914
-430.7299779619151
-111.17489070382238
-248.57916964027766
-806.6926119311423
-316.6081114158374
-342.83727177343786
-202.75379066446314
-174.16463684279057
-771.3307067821986
-56.14159107477127
-115.96490085113619
-87.01020763143954
-217.06819823682918
-252.19866239502176
-371.12548866703736
-69.08593775200936
-268.93584484139024
-303.12399607148063
-377.00484240209397
-375.53623269051883
-79.32709098809848
-283.87933714667565
-66.20494038481442
-233.631090183052
-264.7105314140965
-269.6441167260538
-162.64338615721843
-94.02657217038126
-199.33228219431405
-455.87073310879333
-453.6199272216428
-277.7667128600137
-281.323122507939
-260.3743989812734
-323.8253346143601
-100.6253890144872
-310.24801045109007
-417.48437370596815
-61.04529028446715
-90.12603621122892
-118.7799742526703
-38.7979009856671
-157.7191707209949
-130.99411947303702
-157.59774479416626
-214.16553421739397
-176.77197445075356
-105.87956441229055
-45.24746888218378
-118.39208849080767
-149.50909623986195
-134.78251245849285
-246.3233866807883
-266.3160961253014
-224.36367157554696
-342.85602228495753
-312.18601503308946
-500.6047364190178
-131.97451667943358
-235.78324597890952
-81.07312523869444
-138.24617856034257
-243.6924749354899
-378.165372106951
-207.5517339600106
-54.5316555877469
-74.98556146198625
-17.404489307796613
-213.45963020813602
-213.49930791024784
-216.36885200688786
-308.8959572467657
-60.26923408737734
-24.70032464103472
-65.57198016738643
-48.75315595825878
-142.5380201578824
-282.6048500900527
-82.58987534566951
-35.657595548227704
-30.908026966282904
-167.37743630240774
-47.33492543728676
-150.96545695444962
-73.28096361791518
-135.3151500511453
-24.28360342651253
-32.46886649440403
-40.097310279650785
-397.8413982792473
-179.49957673778968
-48.0022181772856
-59.161908729775455
-103.03705392276866
-244.81669653722952
-70.24445792383062
-78.89159287115997
-61.4720332187827
-17.386399907855612
-78.68487249913105
-75.99710926759508
-86.02750397801842
-416.0075428533897
-140.30165593963042
-22.50572834350252
-54.79048122932828
-348.1827974811015
-28.962839269817806
-227.65980000404215
-35.831038142821434
-185.05226144303643
-193.42877600134975
-80.16815856263784
-32.16935793230419
-72.0081286636111
-65.62040042565187
-69.26421106622368
-16.417984530044563
-16.199806555043846
-72.13620817070571
-49.53539297166652
-60.72072391961333
-166.1147360530513
-190.92466388973799
-64.63992676962765
-9.152605148670956
-294.0596806989124
-69.28795207190606
-66.16271324555858
-36.98003960203836
-217.3747935785119
-93.95216211391265
-35.22985731716431
-21.559947706870247
-40.600614526532986
-109.51714545560633
-62.918607564037295
-161.16992487423764
-100.09694138205649
-191.08024828856955
-38.17151998056891
-36.281307917430404
-89.33942395712931
-33.10271280093456
-118.46769586697252
-267.1881031473386
-149.0811193776615
-93.24499196708669
-20.55369240731847
-81.41349883558256
-103.37808680260986
-107.76546026110215
-48.89382644095808
-86.92305998358441
-149.76344906177167
-133.0665613142292
-34.208901634436906
-88.07210391718718
-121.24133178072083
-51.145290043344474
-31.911590443461748
-130.34892910808165
-41.23931844051804
-70.23427422763447
-64.63372898841445
-79.85194775284513
-100.95564174944079
-81.70176639815801
-66.04003807571594
-129.81995260649137
-61.548776089034135
-178.72401104502455
-309.50065821519553
-168.457259261699
-69.20314144290822
-70.9113175162906
-88.97029565842051
-157.94069401745855
-60.57489492815497
-17.047410406340443
-55.633313164671215
-120.47724406998086
-37.954578459750735
-249.71248122135745
-33.55099592169329
-354.9635578509648
-32.66691573829445
-77.70369862799726
-76.9036476164
-65.73551903827693
-108.11596908339364
-34.92035893629472
-185.3110948817615
-49.6406945711943
-66.9855617341164
-207.61138084853062
-133.34751563517275
-73.67666710035935
-49.47010672104663
-85.66090692384581
-145.67374446234467
-37.34044010508951
-22.075628093970597
-53.00459639777313
-63.33107822789141
-109.10572587202627
-32.884269792797234
-119.8708190932512
-268.38512709952323
-218.51116425105084
-42.25185147991409
-136.25695187915233
-61.63403276850399
-111.7881890591301
-131.9944689379841
-14.513277076217161
-167.63671728151348
-123.33148621584996
-85.63978525366228
-43.13092740366923
-81.44317204489205
-329.17468826662986
-222.76598058882388
-107.41614757690041
-122.52429640805565
-31.481406600843062
-70.9010967172297
-180.98012212721594
-285.3896753379469
-100.3676120349403
-29.545954831772534
-68.23397822112555
-91.08579978086173
-58.814527565162095
-128.670533423868
-206.30852730406392
-107.4922192268087
-77.92049354358356
-29.435756327397364
-12.02937194433888
-47.81214172175473
-183.69364330641343
-35.83614754041514
-68.20550959963684
-115.64678891613174
-44.29532965282397
-161.31887200176163
-19.03184755850231
-50.00896693359117
-23.91090631597238
-130.96870794160958
-91.88484369586088
-83.77997193052754
-118.6709672282827
-143.96368714605217
-97.48096627572504
-15.957459426074408
-68.72220746176049
-11.444065031906092
-50.17477401518471
-103.17865687304767
-115.40573951947941
-78.3953350185125
-60.055055356864074
-272.9626462232377
-76.21218251444343
-433.1691399358671
-120.12428966531971
-274.9085182725712
-160.42570633739393
-121.66199071920384
-22.6857965670873
-309.75465937214506
-77.92193777138843
-76.41067397517045
-114.84681596749422
-189.84756350983784
-166.17724919292328
-312.79134345502143
-85.62261578330614
-295.01592918525046
-235.95514659088028
-15.777036015213726
-278.981801515457
-126.16766405484117
-362.5025123784461
-148.0126603509267
-101.79479482862881
-109.8238891702716
-358.5523550907642
-208.22995768957358
-78.21382865576926
-92.19511708280233
-52.63594916239961
-239.1019410249518
-91.32306035413058
-68.67055397115286
-27.44100805347911
-32.18616466828563
-42.53872010043279
-22.90393294789421
-76.58892360205502
-104.26526710489978
-107.36413815634056
-151.0529334410107
-63.77603447202454
-97.50892859822451
-142.4605040720079
-228.86016319831973
-31.411320578708086
-105.76180746281028
-230.29979856575986
-59.72306210889578
-83.91214496768339
-100.73666406441288
-134.71960190777463
-71.18740447696358
-35.38865089441286
-79.79788697451399
-172.0071726400929
-93.22528595502489
-82.20350021584507
-85.53461393787228
-79.90512321580418
-350.98389126297485
-103.79569694317759
-39.6102138384063
-54.41858975129233
-99.04647650156727
-35.712323274538626
-17.656684847152214
-72.52341596660916
-318.28216335427936
-80.18942260132582
-244.25772422022678
-88.10408356627424
-144.44039414857417
-29.617924131477213
-169.93224894229695
-160.67520688872767
-78.18528392051022
-94.95999724612248
-136.54117071426907
-31.273881083733816
-146.64221156706213
-186.29353341489264
-199.65506673098295
-24.405350710854826
-80.49897065701796
-96.98767432924062
-163.63759523799902
-111.44536451289217
-59.15298576227626
-16.705867723218052
-51.76144558107015
-123.26669645871752
-35.785058276469556
-297.5378579397808
-268.55327822562066
-46.75595597107601
-122.45077047326711
-71.72955453834221
-72.68630597980531
-46.04869549709095
-60.25193037561752
-438.13621726213773
-28.438772582870072
-139.27405841683876
-26.13496940219702
-37.73817804935177
-169.4953743246141
-70.99042776530295
-40.58080942246224
-124.13602231615022
-344.4061588145183
-40.65838891611961
-40.43299092562167
-80.57611752027806
-15.328142796187466
-110.44184679194974
-97.30347477989993
-135.9527824395546
-199.7285270146094
-57.34934805738238
-16.05296344898192
-80.7036810979686
-182.18656964463085
-18.885810221280867
-118.50737119756415
-35.605757655306604
-30.369170082208722
-43.73234648029729
-78.58811333868664
-36.70516715875108
-23.512019832196657
-230.80141138231727
-150.88316243022774
-37.764662726388586
-38.66936594218457
-57.03825301685953
-71.51726139191184
-48.180210323863065
-222.5312437499507
-88.75703245943106
-33.136016563628374
-20.805264875298548
-57.11123742423461
-203.45892534033925
-42.43894868697334
-11.347598137765731
-31.478146201292336
-206.81315179784778
-58.595319816024336
-30.849650506799506
-38.82505598035941
-66.39542937625585
-54.08260661595813
-50.351942312414074
-49.44309389547509
-114.17933143181435
-18.63976418509189
-124.49581410552769
-221.15466309226528
-72.49799989217787
-57.619250038067314
-27.964141146652626
-64.88910973714098
-42.564984944825916
-185.17506942624092
-170.95735714817766
-67.54908265080503
-23.175733477241106
-59.16672401087354
-27.14050716638982
-70.3926686351424
-49.117211556629755
-153.87042903490493
-89.14137127537536
-209.67377387046105
-32.4038514880228
-131.88345275038628
-125.76175342767385
-59.06260514945844
-184.57131234622904
-91.58324927444141
-67.27539311858239
-318.46999679526374
-123.30701258639635
-166.04247342940207
-70.59573111467286
-41.85007574764894
-16.76729976601582
-106.59751990496665
-14.976524599872668
-21.346945941573054
-210.56494132912698
-37.32109223989303
-126.69891759540963
-16.967067130519418
-198.56069697155945
-78.73332530557371
-18.863245214877768
-276.4129022465183
-107.25162201079385
-36.7064489954214
-213.06719727594276
-43.186746460884
-58.591428297369134
-88.63617712434187
-92.7074288879805
-195.29756192420987
-49.903911474944515
-77.15171802481761
-20.504952050235364
-34.71429838582763
-146.9191481000813
-358.1240435003884
-44.92756174676943
-199.30285014464448
-176.86191474227965
-297.5823272735577
-66.6805689629956
-102.30432449222869
-42.61189625082686
-144.31249153725426
-86.73327231800906
-34.255951537441256
-15.809533579833543
-134.5464947451005
-81.31980035455409
-173.08459202058555
-178.92257331734416
-19.319501618460123
-48.5977369476282
-136.96684772344142
-119.82480383115033
-77.09814863967
-26.395034346675242
-50.93675662269541
-19.04246009231526
-56.430787415543016
-161.81005164643443
-44.01789876970322
-112.19945479677877
-75.54676672787576
-25.408285392870017
-54.83435919820767
-112.04332066826473
-69.50882358305682
-15.05412643687956
-55.52184016047907
-51.47269181005503
-122.73609485867928
-117.30755392312777
-223.46759231031896
-35.27963185521816
-167.10374641067128
-92.04347982688631
-141.14635818984647
-125.1823818600677
-87.79233552400977
-76.08215224033036
-200.3240478026214
-258.8399094253675
-35.959009444239086
-81.98104790822639
-198.02518047427108
-114.55944627374978
-149.48209233833524
-47.33094282689801
-104.93364236772747
-373.25031442087925
-11.609756991392956
-18.3127101097057
-90.30508911271184
-83.74020101151055
-181.25796577773028
-24.94937549220013
-35.173829565416625
-76.88427930443147
-202.63782440410498
-36.52413951743349
-62.3655395043199
-123.03280642326534
-29.051055385811672
-153.3841001096349
-114.33647769957935
-45.22555708672908
-64.74571351971184
-26.470061873221898
-16.88406331958032
-191.40295225343988
-34.50102546052423
-51.32918921077213
-14.019412422765257
-54.22171385175217
-69.30436668039404
-12.195886182688772
-128.9356918529943
-139.55437329908835
-19.744331982579343
-36.35953833684832
-57.9891451004039
-37.99051550922813
-87.62432293252871
-112.89832787430974
-31.02029612925753
-112.39202225195962
-29.744349250800834
-296.25177631384696
-41.242518221898294
-34.78603797027377
-111.62959982187849
-64.36079644500019
-95.99196773102872
-212.8160106090898
-119.16576780470064
-39.39282223076004
-39.10615893276395
-106.66929942847933
-84.44594477435533
-18.396262920703123
-46.27787997824277
-14.349000079543638
-35.39240826221748
-41.03574425477141
-62.54289520473904
-56.56036403323754
-27.877325428859685
-125.42021280803543
-107.01391747643541
-158.65520569143976
-109.98268564947215
-78.90370598622843
-82.0308868313027
-113.82114653030254
-46.08080938371809
-16.30795245459289
-45.359861610249524
-140.18983456739107
-168.96456719125172
-51.81951739199251
-26.812999197983178
-32.86847592236285
-263.368205872168
-183.40529139835408
-190.8196213259695
-13.029433042666007
-81.51264630712392
-164.26937970711637
-28.700196007243168
-61.280571042187766
-57.143049300965444
-95.76307681215926
-23.65638336134424
-81.42336742412579
-104.79224529137805
-19.767957938440183
-74.00912718692838
-55.6686222363982
-84.09998496808217
-106.82238523780352
-62.89978512128137
-58.79726253222216
-68.70039364091744
-58.99833901355649
-25.88728267482963
-99.59611954413084
-137.0266684788357
-84.03466861670354
-9.576107090842166
-20.871600891590376
-36.43203121142276
-53.54757354676715
-66.76531708319642
-27.9301840737987
-33.68129338614625
-26.41276699619702
-128.48038737708055
-40.665716811485034
-121.67345534272317
-36.48269315123581
-80.8609090209169
-58.51261293925635
-73.10079819223753
-142.57180719267086
-49.80145439750332
-49.07616142675756
-109.96904152744503
-142.85927104982977
-108.39407696743947
-166.97980503965937
-54.36917425168621
-301.7519479467834
-36.113834482935005
-42.42082283426721
-61.40731318486018
-49.22554352058618
-16.61370212689104
-17.11953934038339
-103.02133495579562
-78.26946016738108
-121.75674727138085
-27.91021348195458
-33.58932285745099
-179.5830500299982
-81.34776339111991
-31.60957028885437
-23.744167542990795
-56.940897615625886
-42.58237838717193
-152.85467673597668
-254.07734920037112
-14.816242059788209
-57.857683953989294
-152.40717088461236
-102.50778579501079
-145.7304381758529
-71.06409697732978
-193.89520668357795
-154.27575223016294
-109.7283112281673
-64.06215485612098
-65.35858837991057
-249.47854089720732
-32.67122378881834
-95.50776071165181
-25.911852022129203
-56.85496410333336
-76.5116351078749
-71.14886387176144
-104.62468285717883
-142.91808120622065
-113.58636810809158
-18.671796248284974
-68.41625423881277
-62.27481101450121
-174.77913760465154
-45.000536419037275
-213.1680573158837
-20.002643753963923
-33.96324975091778
-271.47888924303965
-202.75248664952184
-103.81037601016052
-31.187205816453417
-120.34714151910201
-120.44561250945523
-45.84871236183001
-43.0887084211899
-81.89983349260783
-15.892833048319446
-89.56330850553223
-95.05494669915491
-61.409288153969634
-132.8271598400538
-135.43581111210543
-22.666103364288308
-231.40991586255987
-17.09368601083272
-40.054941733929574
-93.20898474437308
-85.9886538597722
-31.583679333664787
-21.287676755740318
-48.68230217557925
-41.66081060138301
-104.19816805119412
-79.04532739851699
-19.757077802917397
-81.80289376779054
-150.4656510753126
-158.37600658705836
-170.2886479932794
-24.40170327342378
-92.71169331830055
-133.65944002831463
-117.96271981803638
-41.224832662803166
-110.97165298467566
-31.50364712521627
-20.554990445582348
-141.3607306329957
-162.37510368750085
-224.8806968896367
-131.3432088172842
-72.06481175669228
-118.33504263886053
-67.90454030143647
-47.300347615314664
-28.460847984943392
-297.47820032308385
-142.96253538715754
-115.25963262910886
-36.056689676026735
-62.767664914180024
-34.57094240224156
-56.45125451969609
-139.5548070628614
-19.286540810922492
-174.47787001846615
-29.10980483969967
-42.2702508635447
-45.43568251487413
-79.53101491158262
-67.02163133185309
-37.749505875079834
-137.0913044925774
-53.426791184838116
-230.66648828677197
-113.52424107399732
-17.634741882934318
-141.77443189633027
-43.957205302894316
-41.5270035934595
-179.83609548356694
-30.340381022352624
-55.03171865521538
-18.802651744530138
-139.59510547370536
-20.87273115262422
-178.58025060070588
-31.802927435277194
-69.26399139382079
-26.45925015842701
-167.00890846663182
-51.620951786663525
-108.95121346960026
-131.15848421768885
-103.88320289234522
-37.54617749173088
-37.06835954559631
-64.45112138287055
-92.76942931472438
-105.52218354454625
-164.8900785640956
-70.33322683418612
-130.58504071889487
-85.8466356544352
-46.964590103009904
-33.18098707969162
-109.90379442593516
-172.96321997564704
-61.74913897061516
-291.31494661857073
-129.651252089839
-20.771983652174494
-33.5014523116673
-52.811927258449614
-69.55271710973363
-99.81285113465205
-141.9733039282377
-75.96548286950821
-30.247408821480136
-206.686230376238
-61.2483508985381
-37.059576678625604
-218.20427909151525
-117.93737257090893
-40.48435033634309
-63.13265677497619
-196.2258550306829
-91.52724241172342
-15.085298785978585
-152.97808902256014
-81.10162075299996
-77.31974518671575
-34.762969896536376
-87.4520481426103
-31.996971093783568
-65.30052884601665
-55.75613236047897
-139.5986163931146
-78.35564646530439
-36.96505810027245
-247.1556164584216
-83.84507589037575
-112.83039769488211
-195.94449905445487
-345.0792954094507
-129.2914377052072
-165.2666098557315
-92.35938742018571
-23.068786955827473
-118.56724397123611
-38.44471848198293
-90.90090565440157
-110.24323688135509
-34.842432226260605
-137.04807032259228
-32.47639799766458
-38.75074972032462
-27.207806842525972
-98.6323806396977
-100.32814211667454
-42.01003435770066
-80.72555032062313
-35.50370153305959
-65.7023056829176
-42.92183240535401
-261.58396580826627
-159.96987326015162
-51.4286502685397
-121.82998952161591
-81.3741288984185
-216.24061174767735
-60.20367962747567
-27.50815451060646
-114.02991123105407
-70.50344389853993
-263.5393529836946
-72.68114389886814
-69.52996603375912
-73.38772563925589
-100.63451584157585
-212.008001201955
-54.64098864982677
-62.74705720006142
-25.841228442806802
-247.85027368344782
-42.55278101236627
-220.21439511532628
-43.12546225296032
-201.07656511157128
-87.67784404835068
-294.55547706540574
-118.24449486645658
-67.87857412999078
-153.80443291831233
-87.63144974310701
-66.94029314736328
-104.40164435158617
-384.8154179159248
-118.76357026144483
-35.77197506576094
-35.15237914690799
-51.27034276282252
-109.3409226463735
-163.42670439775108
-23.445049758224933
-183.2467342701822
-61.57983860264339
-119.5668237219941
-168.18525332078852
-37.86316692090477
-148.9601384419845
-86.70509849375658
-189.22319672954723
-83.73514834071696
-115.18067720049525
-39.2180185450808
-140.06426683375486
-101.49288952788856
-133.6908011703281
-22.25259580088041
-13.255370007527642
-89.79596013471287
-38.98335729894678
-19.790321530737568
-200.87466734838654
-59.91375973208125
-77.85166604179616
-56.16703001744508
-185.44317283234727
-71.21922940442019
-130.32233036151135
-69.88652060254299
-49.381291795398106
-28.950416340894844
-59.76673050906386
-42.83192482441917
-50.1071234323852
-84.44885836927561
-113.26921668895858
-10.342791239706633
-21.975197302544572
-34.42243952799227
-184.70216638302773
-43.31973099159875
-80.20698338166586
-22.229150084819974
-39.280754455691074
-135.15972481565063
-38.29302366045354
-120.1202655922282
-8.225578767559995
-95.69811478336412
-70.37408605598735
-52.96867597420835
-13.020279585404069
-69.02155475957268
-206.42263566008643
-21.892911284709204
-35.28394610341303
-29.261121146724037
-27.04145012485102
-39.97464556063679
-94.74740115559253
-74.42263323350721
-26.484698075399734
