2.11051600459856
1.5683913090395036
1.3359894834053505
2.0179901008316965
2.656532572390011
2.2812774333691865
3.3487786295966724
3.857967910181923
4.054111411619334
3.4915177439288194
4.759950533605595
3.5794426869347666
1.2824601253678372
2.624160409590501
1.2937686077157116
1.5797362454274668
2.098495394478482
1.5364823804146668
1.6280348041319657
1.2378376912727098
1.0724925175483064
1.2445804217987484
1.0868203807636294
0.5579479203854831
0.4173925599181858
0.7181473805495159
0.32159838631123516
0.22723071708247142
0.2889100464829835
0.24928798509987365
0.29488972824832677
0.3436672454091291
0.4039737635860357
0.26106190710970556
0.4529426176959275
0.22974505679575322
0.17673712032267913
0.16544279165053977
0.14143526684851726
0.24083187937520195
0.14879631847192293
0.142401184415215
0.1898731907254372
0.12307730327297284
0.11167184213143964
0.10637225810734807
0.16831105954675615
0.11619973078760355
0.11877931283466034
0.1369116394923165
0.11194330059390445
0.10886767177983464
0.1034220360483421
0.09695774758141028
0.09698203692864646
0.12105535522941167
0.0942468894270983
0.11353030558801486
0.12835179833443022
0.2161424820819134
0.1406286870723806
0.14386758024792953
0.09958669331842908
0.09110174301523447
0.08478538397767735
0.1364229863120132
0.1448983370091041
