-9.035454041215751e-05
-0.00010684486949909533
-8.85935715659522e-05
-0.00010250656260699654
-9.949881885064071e-05
-0.00011168613366801387
-0.00011655157490791934
-0.00011333033388395906
-0.00010698129886667838
-0.00012710699233602752
-0.00010722169767365036
-9.782223054005112e-05
-0.00011321170286993365
-0.00013486881996964406
-0.00015304472316138296
-9.480988468855423e-05
-0.00010379876597835375
-0.00012375451022424988
-0.00013343641575419595
-9.820443539613756e-05
-7.932546463831624e-05
-0.000110716792539646
-0.00010534920389540999
-0.0001464254543303723
-0.00010844657489318945
-0.00011063749594229926
-0.00011879265946813518
-0.00010817128040512546
-0.0001049626870104181
-7.60325448007304e-05
-0.00010501521843274408
-0.00011340711038029803
-0.00010759055913197312
-0.00011264825680866453
-9.76907155969292e-05
-0.00011996887321834698
-0.00012180657296413967
-0.00013242206037592433
-9.893567868095589e-05
-0.00012015417280810404
-0.00011444249351396651
-0.00014620551932350117
-0.00012389372160533652
-0.00011036057947738239
-0.0001254776254125581
-0.00013895971165650418
-9.884860673646662e-05
-0.00011832735468428126
-0.00015592983475576605
-8.516741820508293e-05
-8.809506006274281e-05
-8.880804375623053e-05
-0.00013229820275472982
-0.00010061238868784815
-8.041582403389148e-05
-0.0001045198532273639
-0.00011483404345560556
-0.00010767619255498962
-0.00012097840994519937
-9.898335018935223e-05
-0.00010443349712587618
-0.00012756197112112207
-0.00011309985312450838
-9.441152595568158e-05
-0.00010754791960743692
-0.00012945817895201883
-0.00011301707222416135
-0.0001111337622240833
-0.00011126575430319975
-0.00011842612121577748
-9.50656261233751e-05
-0.00012061867614185929
-0.00012400853535886048
-0.00010542638985852893
-0.00013199375188413314
-0.00010310629105136915
-0.00011705906364885347
-0.0001466431459719416
-0.00011314828656846036
-0.00012096797956129835
-0.00012855379304318285
-0.00010741942262177256
-9.848203826793577e-05
-9.381363824114516e-05
-9.286447934379187e-05
-0.00014210983918316807
-0.000136725700066858
-0.00010768400942605394
-0.00010011747260824863
-0.00011209699024833929
-8.919307901537887e-05
-0.0001112012195183118
-0.00011317063261422345
-9.42998337407977e-05
-9.906004842668847e-05
-0.00012461478699736793
-0.00011980547987623622
-0.00011695057593715528
-0.00012191289279328415
-0.00012683677908539268
-0.0001631202730558796
-0.0001229066447364209
-0.0001475271812246772
-0.0001360169273883306
-0.00012303559423844073
-0.00014423406520244834
-0.00011176785186356035
-8.343515406291914e-05
-0.0001242520752166007
-0.0001535310818605258
-0.00013571956827405362
-0.00014768590236645675
-0.00012107740139493532
-0.00013082441985090427
-9.52683672454352e-05
-0.00012590662086121586
-7.736194961534825e-05
-8.698485728554639e-05
-0.0001200182755044769
-0.00013934840664882163
